T [K]	C_e [J/m^3/K]
0.0	0.0
0.1	61.900000000000006
0.2	123.80000000000001
0.3	185.7
0.4	247.60000000000002
0.5	309.5
0.6	371.4
0.7	433.29999999999995
0.8	495.20000000000005
0.9	557.1
1.0	619.0
1.1	680.9000000000001
1.2	742.8
1.3	804.7
1.4	866.5999999999999
1.5	928.5
1.6	990.4000000000001
1.7	1052.3
1.8	1114.2
1.9	1176.1
2.0	1238.0
2.1	1299.9
2.2	1361.8000000000002
2.3	1423.6999999999998
2.4	1485.6
2.5	1547.5
2.6	1609.4
2.7	1671.3000000000002
2.8	1733.1999999999998
2.9	1795.1
3.0	1857.0
3.1	1918.9
3.2	1980.8000000000002
3.3	2042.6999999999998
3.4	2104.6
3.5	2166.5
3.6	2228.4
3.7	2290.3
3.8	2352.2
3.9	2414.1
4.0	2476.0
4.1	2537.8999999999996
4.2	2599.8
4.3	2661.7
4.4	2723.6000000000004
4.5	2785.5
4.6	2847.3999999999996
4.7	2909.3
4.8	2971.2
4.9	3033.1000000000004
5.0	3095.0
5.1	3156.8999999999996
5.2	3218.8
5.3	3280.7
5.4	3342.6000000000004
5.5	3404.5
5.6	3466.3999999999996
5.7	3528.3
5.8	3590.2
5.9	3652.1000000000004
6.0	3714.0
6.1	3775.8999999999996
6.2	3837.8
6.3	3899.7
6.4	3961.6000000000004
6.5	4023.5
6.6	4085.3999999999996
6.7	4147.3
6.8	4209.2
6.9	4271.1
7.0	4333.0
7.1	4394.9
7.2	4456.8
7.3	4518.7
7.4	4580.6
7.5	4642.5
7.6	4704.4
7.7	4766.3
7.8	4828.2
7.9	4890.1
8.0	4952.0
8.1	5013.9
8.2	5075.799999999999
8.3	5137.700000000001
8.4	5199.6
8.5	5261.5
8.6	5323.4
8.7	5385.299999999999
8.8	5447.200000000001
8.9	5509.1
9.0	5571.0
9.1	5632.9
9.2	5694.799999999999
9.3	5756.700000000001
9.4	5818.6
9.5	5880.5
9.6	5942.4
9.7	6004.299999999999
9.8	6066.200000000001
9.9	6128.1
10.0	6190.0
10.1	6251.9
10.2	6313.799999999999
10.3	6375.700000000001
10.4	6437.6
10.5	6499.5
10.6	6561.4
10.7	6623.299999999999
10.8	6685.200000000001
10.9	6747.1
11.0	6809.0
11.1	6870.9
11.2	6932.799999999999
11.3	6994.700000000001
11.4	7056.6
11.5	7118.5
11.6	7180.4
11.7	7242.299999999999
11.8	7304.200000000001
11.9	7366.1
12.0	7428.0
12.1	7489.9
12.2	7551.799999999999
12.3	7613.700000000001
12.4	7675.6
12.5	7737.5
12.6	7799.4
12.7	7861.299999999999
12.8	7923.200000000001
12.9	7985.1
13.0	8047.0
13.1	8108.9
13.2	8170.799999999999
13.3	8232.7
13.4	8294.6
13.5	8356.5
13.6	8418.4
13.7	8480.3
13.8	8542.2
13.9	8604.1
14.0	8666.0
14.1	8727.9
14.2	8789.8
14.3	8851.7
14.4	8913.6
14.5	8975.5
14.6	9037.4
14.7	9099.3
14.8	9161.2
14.9	9223.1
15.0	9285.0
15.1	9346.9
15.2	9408.8
15.3	9470.7
15.4	9532.6
15.5	9594.5
15.6	9656.4
15.7	9718.3
15.8	9780.2
15.9	9842.1
16.0	9904.0
16.1	9965.900000000001
16.2	10027.8
16.3	10089.7
16.4	10151.599999999999
16.5	10213.5
16.6	10275.400000000001
16.7	10337.3
16.8	10399.2
16.9	10461.099999999999
17.0	10523.0
17.1	10584.900000000001
17.2	10646.8
17.3	10708.7
17.4	10770.599999999999
17.5	10832.5
17.6	10894.400000000001
17.7	10956.3
17.8	11018.2
17.9	11080.099999999999
18.0	11142.0
18.1	11203.900000000001
18.2	11265.8
18.3	11327.7
18.4	11389.599999999999
18.5	11451.5
18.6	11513.400000000001
18.7	11575.3
18.8	11637.2
18.9	11699.099999999999
19.0	11761.0
19.1	11822.900000000001
19.2	11884.8
19.3	11946.7
19.4	12008.599999999999
19.5	12070.5
19.6	12132.400000000001
19.7	12194.3
19.8	12256.2
19.9	12318.099999999999
20.0	12380.0
20.1	12441.900000000001
20.2	12503.8
20.3	12565.7
20.4	12627.599999999999
20.5	12689.5
20.6	12751.400000000001
20.7	12813.3
20.8	12875.2
20.9	12937.099999999999
21.0	12999.0
21.1	13060.900000000001
21.2	13122.8
21.3	13184.7
21.4	13246.599999999999
21.5	13308.5
21.6	13370.400000000001
21.7	13432.3
21.8	13494.2
21.9	13556.099999999999
22.0	13618.0
22.1	13679.900000000001
22.2	13741.8
22.3	13803.7
22.4	13865.599999999999
22.5	13927.5
22.6	13989.400000000001
22.7	14051.3
22.8	14113.2
22.9	14175.099999999999
23.0	14237.0
23.1	14298.900000000001
23.2	14360.8
23.3	14422.7
23.4	14484.599999999999
23.5	14546.5
23.6	14608.400000000001
23.7	14670.3
23.8	14732.2
23.9	14794.099999999999
24.0	14856.0
24.1	14917.900000000001
24.2	14979.8
24.3	15041.7
24.4	15103.599999999999
24.5	15165.5
24.6	15227.400000000001
24.7	15289.3
24.8	15351.2
24.9	15413.099999999999
25.0	15475.0
25.1	15536.900000000001
25.2	15598.8
25.3	15660.7
25.4	15722.599999999999
25.5	15784.5
25.6	15846.400000000001
25.7	15908.3
25.8	15970.2
25.9	16032.099999999999
26.0	16094.0
26.1	16155.900000000001
26.2	16217.8
26.3	16279.7
26.4	16341.599999999999
26.5	16403.5
26.6	16465.4
26.7	16527.3
26.8	16589.2
26.9	16651.1
27.0	16713.0
27.1	16774.9
27.2	16836.8
27.3	16898.7
27.4	16960.6
27.5	17022.5
27.6	17084.4
27.7	17146.3
27.8	17208.2
27.9	17270.1
28.0	17332.0
28.1	17393.9
28.2	17455.8
28.3	17517.7
28.4	17579.6
28.5	17641.5
28.6	17703.4
28.7	17765.3
28.8	17827.2
28.9	17889.1
29.0	17951.0
29.1	18012.9
29.2	18074.8
29.3	18136.7
29.4	18198.6
29.5	18260.5
29.6	18322.4
29.7	18384.3
29.8	18446.2
29.9	18508.1
30.0	18570.0
30.1	18631.9
30.2	18693.8
30.3	18755.7
30.4	18817.6
30.5	18879.5
30.6	18941.4
30.7	19003.3
30.8	19065.2
30.9	19127.1
31.0	19189.0
31.1	19250.9
31.2	19312.8
31.3	19374.7
31.4	19436.6
31.5	19498.5
31.6	19560.4
31.7	19622.3
31.8	19684.2
31.9	19746.1
32.0	19808.0
32.1	19869.9
32.2	19931.800000000003
32.3	19993.699999999997
32.4	20055.6
32.5	20117.5
32.6	20179.4
32.7	20241.300000000003
32.8	20303.199999999997
32.9	20365.1
33.0	20427.0
33.1	20488.9
33.2	20550.800000000003
33.3	20612.699999999997
33.4	20674.6
33.5	20736.5
33.6	20798.4
33.7	20860.300000000003
33.8	20922.199999999997
33.9	20984.1
34.0	21046.0
34.1	21107.9
34.2	21169.800000000003
34.3	21231.699999999997
34.4	21293.6
34.5	21355.5
34.6	21417.4
34.7	21479.300000000003
34.8	21541.199999999997
34.9	21603.1
35.0	21665.0
35.1	21726.9
35.2	21788.800000000003
35.3	21850.699999999997
35.4	21912.6
35.5	21974.5
35.6	22036.4
35.7	22098.300000000003
35.8	22160.199999999997
35.9	22222.1
36.0	22284.0
36.1	22345.9
36.2	22407.800000000003
36.3	22469.699999999997
36.4	22531.6
36.5	22593.5
36.6	22655.4
36.7	22717.300000000003
36.8	22779.199999999997
36.9	22841.1
37.0	22903.0
37.1	22964.9
37.2	23026.800000000003
37.3	23088.699999999997
37.4	23150.6
37.5	23212.5
37.6	23274.4
37.7	23336.300000000003
37.8	23398.199999999997
37.9	23460.1
38.0	23522.0
38.1	23583.9
38.2	23645.800000000003
38.3	23707.699999999997
38.4	23769.6
38.5	23831.5
38.6	23893.4
38.7	23955.300000000003
38.8	24017.199999999997
38.9	24079.1
39.0	24141.0
39.1	24202.9
39.2	24264.800000000003
39.3	24326.699999999997
39.4	24388.6
39.5	24450.5
39.6	24512.4
39.7	24574.300000000003
39.8	24636.199999999997
39.9	24698.1
40.0	24760.0
40.1	24821.9
40.2	24883.800000000003
40.3	24945.699999999997
40.4	25007.6
40.5	25069.5
40.6	25131.4
40.7	25193.300000000003
40.8	25255.199999999997
40.9	25317.1
41.0	25379.0
41.1	25440.9
41.2	25502.800000000003
41.3	25564.699999999997
41.4	25626.6
41.5	25688.5
41.6	25750.4
41.7	25812.300000000003
41.8	25874.199999999997
41.9	25936.1
42.0	25998.0
42.1	26059.9
42.2	26121.800000000003
42.3	26183.699999999997
42.4	26245.6
42.5	26307.5
42.6	26369.4
42.7	26431.300000000003
42.8	26493.199999999997
42.9	26555.1
43.0	26617.0
43.1	26678.9
43.2	26740.800000000003
43.3	26802.699999999997
43.4	26864.6
43.5	26926.5
43.6	26988.4
43.7	27050.300000000003
43.8	27112.199999999997
43.9	27174.1
44.0	27236.0
44.1	27297.9
44.2	27359.800000000003
44.3	27421.699999999997
44.4	27483.6
44.5	27545.5
44.6	27607.4
44.7	27669.300000000003
44.8	27731.199999999997
44.9	27793.1
45.0	27855.0
45.1	27916.9
45.2	27978.800000000003
45.3	28040.699999999997
45.4	28102.6
45.5	28164.5
45.6	28226.4
45.7	28288.300000000003
45.8	28350.199999999997
45.9	28412.1
46.0	28474.0
46.1	28535.9
46.2	28597.800000000003
46.3	28659.699999999997
46.4	28721.6
46.5	28783.5
46.6	28845.4
46.7	28907.300000000003
46.8	28969.199999999997
46.9	29031.1
47.0	29093.0
47.1	29154.9
47.2	29216.800000000003
47.3	29278.699999999997
47.4	29340.6
47.5	29402.5
47.6	29464.4
47.7	29526.300000000003
47.8	29588.199999999997
47.9	29650.1
48.0	29712.0
48.1	29773.9
48.2	29835.800000000003
48.3	29897.699999999997
48.4	29959.6
48.5	30021.5
48.6	30083.4
48.7	30145.300000000003
48.8	30207.199999999997
48.9	30269.1
49.0	30331.0
49.1	30392.9
49.2	30454.800000000003
49.3	30516.699999999997
49.4	30578.6
49.5	30640.5
49.6	30702.4
49.7	30764.300000000003
49.8	30826.199999999997
49.9	30888.1
50.0	30950.0
50.1	31011.9
50.2	31073.800000000003
50.3	31135.699999999997
50.4	31197.6
50.5	31259.5
50.6	31321.4
50.7	31383.300000000003
50.8	31445.199999999997
50.9	31507.1
51.0	31569.0
51.1	31630.9
51.2	31692.800000000003
51.3	31754.699999999997
51.4	31816.6
51.5	31878.5
51.6	31940.4
51.7	32002.300000000003
51.8	32064.199999999997
51.9	32126.1
52.0	32188.0
52.1	32249.9
52.2	32311.800000000003
52.3	32373.699999999997
52.4	32435.6
52.5	32497.5
52.6	32559.4
52.7	32621.300000000003
52.8	32683.199999999997
52.9	32745.1
53.0	32807.0
53.1	32868.9
53.2	32930.8
53.3	32992.7
53.4	33054.6
53.5	33116.5
53.6	33178.4
53.7	33240.3
53.8	33302.2
53.9	33364.1
54.0	33426.0
54.1	33487.9
54.2	33549.8
54.3	33611.7
54.4	33673.6
54.5	33735.5
54.6	33797.4
54.7	33859.3
54.8	33921.2
54.9	33983.1
55.0	34045.0
55.1	34106.9
55.2	34168.8
55.3	34230.7
55.4	34292.6
55.5	34354.5
55.6	34416.4
55.7	34478.3
55.8	34540.2
55.9	34602.1
56.0	34664.0
56.1	34725.9
56.2	34787.8
56.3	34849.7
56.4	34911.6
56.5	34973.5
56.6	35035.4
56.7	35097.3
56.8	35159.2
56.9	35221.1
57.0	35283.0
57.1	35344.9
57.2	35406.8
57.3	35468.7
57.4	35530.6
57.5	35592.5
57.6	35654.4
57.7	35716.3
57.8	35778.2
57.9	35840.1
58.0	35902.0
58.1	35963.9
58.2	36025.8
58.3	36087.7
58.4	36149.6
58.5	36211.5
58.6	36273.4
58.7	36335.3
58.8	36397.2
58.9	36459.1
59.0	36521.0
59.1	36582.9
59.2	36644.8
59.3	36706.7
59.4	36768.6
59.5	36830.5
59.6	36892.4
59.7	36954.3
59.8	37016.2
59.9	37078.1
60.0	37140.0
60.1	37201.9
60.2	37263.8
60.3	37325.7
60.4	37387.6
60.5	37449.5
60.6	37511.4
60.7	37573.3
60.8	37635.2
60.9	37697.1
61.0	37759.0
61.1	37820.9
61.2	37882.8
61.3	37944.7
61.4	38006.6
61.5	38068.5
61.6	38130.4
61.7	38192.3
61.8	38254.2
61.9	38316.1
62.0	38378.0
62.1	38439.9
62.2	38501.8
62.3	38563.7
62.4	38625.6
62.5	38687.5
62.6	38749.4
62.7	38811.3
62.8	38873.2
62.9	38935.1
63.0	38997.0
63.1	39058.9
63.2	39120.8
63.3	39182.7
63.4	39244.6
63.5	39306.5
63.6	39368.4
63.7	39430.3
63.8	39492.2
63.9	39554.1
64.0	39616.0
64.1	39677.899999999994
64.2	39739.8
64.3	39801.7
64.4	39863.600000000006
64.5	39925.5
64.6	39987.399999999994
64.7	40049.3
64.8	40111.2
64.9	40173.100000000006
65.0	40235.0
65.1	40296.899999999994
65.2	40358.8
65.3	40420.7
65.4	40482.600000000006
65.5	40544.5
65.6	40606.399999999994
65.7	40668.3
65.8	40730.2
65.9	40792.100000000006
66.0	40854.0
66.1	40915.899999999994
66.2	40977.8
66.3	41039.7
66.4	41101.600000000006
66.5	41163.5
66.6	41225.399999999994
66.7	41287.3
66.8	41349.2
66.9	41411.100000000006
67.0	41473.0
67.1	41534.899999999994
67.2	41596.8
67.3	41658.7
67.4	41720.600000000006
67.5	41782.5
67.6	41844.399999999994
67.7	41906.3
67.8	41968.2
67.9	42030.100000000006
68.0	42092.0
68.1	42153.899999999994
68.2	42215.8
68.3	42277.7
68.4	42339.600000000006
68.5	42401.5
68.6	42463.399999999994
68.7	42525.3
68.8	42587.2
68.9	42649.100000000006
69.0	42711.0
69.1	42772.899999999994
69.2	42834.8
69.3	42896.7
69.4	42958.600000000006
69.5	43020.5
69.6	43082.399999999994
69.7	43144.3
69.8	43206.2
69.9	43268.100000000006
70.0	43330.0
70.1	43391.899999999994
70.2	43453.8
70.3	43515.7
70.4	43577.600000000006
70.5	43639.5
70.6	43701.399999999994
70.7	43763.3
70.8	43825.2
70.9	43887.100000000006
71.0	43949.0
71.1	44010.899999999994
71.2	44072.8
71.3	44134.7
71.4	44196.600000000006
71.5	44258.5
71.6	44320.399999999994
71.7	44382.3
71.8	44444.2
71.9	44506.100000000006
72.0	44568.0
72.1	44629.899999999994
72.2	44691.8
72.3	44753.7
72.4	44815.600000000006
72.5	44877.5
72.6	44939.399999999994
72.7	45001.3
72.8	45063.2
72.9	45125.100000000006
73.0	45187.0
73.1	45248.899999999994
73.2	45310.8
73.3	45372.7
73.4	45434.600000000006
73.5	45496.5
73.6	45558.399999999994
73.7	45620.3
73.8	45682.2
73.9	45744.100000000006
74.0	45806.0
74.1	45867.899999999994
74.2	45929.8
74.3	45991.7
74.4	46053.600000000006
74.5	46115.5
74.6	46177.399999999994
74.7	46239.3
74.8	46301.2
74.9	46363.100000000006
75.0	46425.0
75.1	46486.899999999994
75.2	46548.8
75.3	46610.7
75.4	46672.600000000006
75.5	46734.5
75.6	46796.399999999994
75.7	46858.3
75.8	46920.2
75.9	46982.100000000006
76.0	47044.0
76.1	47105.899999999994
76.2	47167.8
76.3	47229.7
76.4	47291.600000000006
76.5	47353.5
76.6	47415.399999999994
76.7	47477.3
76.8	47539.2
76.9	47601.100000000006
77.0	47663.0
77.1	47724.899999999994
77.2	47786.8
77.3	47848.7
77.4	47910.600000000006
77.5	47972.5
77.6	48034.399999999994
77.7	48096.3
77.8	48158.2
77.9	48220.100000000006
78.0	48282.0
78.1	48343.899999999994
78.2	48405.8
78.3	48467.7
78.4	48529.600000000006
78.5	48591.5
78.6	48653.399999999994
78.7	48715.3
78.8	48777.2
78.9	48839.100000000006
79.0	48901.0
79.1	48962.899999999994
79.2	49024.8
79.3	49086.7
79.4	49148.600000000006
79.5	49210.5
79.6	49272.399999999994
79.7	49334.3
79.8	49396.2
79.9	49458.100000000006
80.0	49520.0
80.1	49581.899999999994
80.2	49643.8
80.3	49705.7
80.4	49767.600000000006
80.5	49829.5
80.6	49891.399999999994
80.7	49953.3
80.8	50015.2
80.9	50077.100000000006
81.0	50139.0
81.1	50200.899999999994
81.2	50262.8
81.3	50324.7
81.4	50386.600000000006
81.5	50448.5
81.6	50510.399999999994
81.7	50572.3
81.8	50634.2
81.9	50696.100000000006
82.0	50758.0
82.1	50819.899999999994
82.2	50881.8
82.3	50943.7
82.4	51005.600000000006
82.5	51067.5
82.6	51129.399999999994
82.7	51191.3
82.8	51253.2
82.9	51315.100000000006
83.0	51377.0
83.1	51438.899999999994
83.2	51500.8
83.3	51562.7
83.4	51624.600000000006
83.5	51686.5
83.6	51748.399999999994
83.7	51810.3
83.8	51872.2
83.9	51934.100000000006
84.0	51996.0
84.1	52057.899999999994
84.2	52119.8
84.3	52181.7
84.4	52243.600000000006
84.5	52305.5
84.6	52367.399999999994
84.7	52429.3
84.8	52491.2
84.9	52553.100000000006
85.0	52615.0
85.1	52676.899999999994
85.2	52738.8
85.3	52800.7
85.4	52862.600000000006
85.5	52924.5
85.6	52986.399999999994
85.7	53048.3
85.8	53110.2
85.9	53172.100000000006
86.0	53234.0
86.1	53295.899999999994
86.2	53357.8
86.3	53419.7
86.4	53481.600000000006
86.5	53543.5
86.6	53605.399999999994
86.7	53667.3
86.8	53729.2
86.9	53791.100000000006
87.0	53853.0
87.1	53914.899999999994
87.2	53976.8
87.3	54038.7
87.4	54100.600000000006
87.5	54162.5
87.6	54224.399999999994
87.7	54286.3
87.8	54348.2
87.9	54410.100000000006
88.0	54472.0
88.1	54533.899999999994
88.2	54595.8
88.3	54657.7
88.4	54719.600000000006
88.5	54781.5
88.6	54843.399999999994
88.7	54905.3
88.8	54967.2
88.9	55029.100000000006
89.0	55091.0
89.1	55152.899999999994
89.2	55214.8
89.3	55276.7
89.4	55338.600000000006
89.5	55400.5
89.6	55462.399999999994
89.7	55524.3
89.8	55586.2
89.9	55648.100000000006
90.0	55710.0
90.1	55771.899999999994
90.2	55833.8
90.3	55895.7
90.4	55957.600000000006
90.5	56019.5
90.6	56081.399999999994
90.7	56143.3
90.8	56205.2
90.9	56267.100000000006
91.0	56329.0
91.1	56390.899999999994
91.2	56452.8
91.3	56514.7
91.4	56576.600000000006
91.5	56638.5
91.6	56700.399999999994
91.7	56762.3
91.8	56824.2
91.9	56886.100000000006
92.0	56948.0
92.1	57009.899999999994
92.2	57071.8
92.3	57133.7
92.4	57195.600000000006
92.5	57257.5
92.6	57319.399999999994
92.7	57381.3
92.8	57443.2
92.9	57505.100000000006
93.0	57567.0
93.1	57628.899999999994
93.2	57690.8
93.3	57752.7
93.4	57814.600000000006
93.5	57876.5
93.6	57938.399999999994
93.7	58000.3
93.8	58062.2
93.9	58124.100000000006
94.0	58186.0
94.1	58247.899999999994
94.2	58309.8
94.3	58371.7
94.4	58433.600000000006
94.5	58495.5
94.6	58557.399999999994
94.7	58619.3
94.8	58681.2
94.9	58743.100000000006
95.0	58805.0
95.1	58866.899999999994
95.2	58928.8
95.3	58990.7
95.4	59052.600000000006
95.5	59114.5
95.6	59176.399999999994
95.7	59238.3
95.8	59300.2
95.9	59362.100000000006
96.0	59424.0
96.1	59485.899999999994
96.2	59547.8
96.3	59609.7
96.4	59671.600000000006
96.5	59733.5
96.6	59795.399999999994
96.7	59857.3
96.8	59919.2
96.9	59981.100000000006
97.0	60043.0
97.1	60104.899999999994
97.2	60166.8
97.3	60228.7
97.4	60290.600000000006
97.5	60352.5
97.6	60414.399999999994
97.7	60476.3
97.8	60538.2
97.9	60600.100000000006
98.0	60662.0
98.1	60723.899999999994
98.2	60785.8
98.3	60847.7
98.4	60909.600000000006
98.5	60971.5
98.6	61033.399999999994
98.7	61095.3
98.8	61157.2
98.9	61219.100000000006
99.0	61281.0
99.1	61342.899999999994
99.2	61404.8
99.3	61466.7
99.4	61528.600000000006
99.5	61590.5
99.6	61652.399999999994
99.7	61714.3
99.8	61776.2
99.9	61838.100000000006
100.0	61900.0
100.1	61961.899999999994
100.2	62023.8
100.3	62085.7
100.4	62147.600000000006
100.5	62209.5
100.6	62271.399999999994
100.7	62333.3
100.8	62395.2
100.9	62457.100000000006
101.0	62519.0
101.1	62580.899999999994
101.2	62642.8
101.3	62704.7
101.4	62766.600000000006
101.5	62828.5
101.6	62890.399999999994
101.7	62952.3
101.8	63014.2
101.9	63076.100000000006
102.0	63138.0
102.1	63199.899999999994
102.2	63261.8
102.3	63323.7
102.4	63385.600000000006
102.5	63447.5
102.6	63509.399999999994
102.7	63571.3
102.8	63633.2
102.9	63695.100000000006
103.0	63757.0
103.1	63818.899999999994
103.2	63880.8
103.3	63942.7
103.4	64004.600000000006
103.5	64066.5
103.6	64128.399999999994
103.7	64190.3
103.8	64252.2
103.9	64314.100000000006
104.0	64376.0
104.1	64437.899999999994
104.2	64499.8
104.3	64561.7
104.4	64623.600000000006
104.5	64685.5
104.6	64747.399999999994
104.7	64809.3
104.8	64871.2
104.9	64933.100000000006
105.0	64995.0
105.1	65056.899999999994
105.2	65118.8
105.3	65180.7
105.4	65242.600000000006
105.5	65304.5
105.6	65366.399999999994
105.7	65428.3
105.8	65490.2
105.9	65552.1
106.0	65614.0
106.1	65675.9
106.2	65737.8
106.3	65799.7
106.4	65861.6
106.5	65923.5
106.6	65985.4
106.7	66047.3
106.8	66109.2
106.9	66171.1
107.0	66233.0
107.1	66294.9
107.2	66356.8
107.3	66418.7
107.4	66480.6
107.5	66542.5
107.6	66604.4
107.7	66666.3
107.8	66728.2
107.9	66790.1
108.0	66852.0
108.1	66913.9
108.2	66975.8
108.3	67037.7
108.4	67099.6
108.5	67161.5
108.6	67223.4
108.7	67285.3
108.8	67347.2
108.9	67409.1
109.0	67471.0
109.1	67532.9
109.2	67594.8
109.3	67656.7
109.4	67718.6
109.5	67780.5
109.6	67842.4
109.7	67904.3
109.8	67966.2
109.9	68028.1
110.0	68090.0
110.1	68151.9
110.2	68213.8
110.3	68275.7
110.4	68337.6
110.5	68399.5
110.6	68461.4
110.7	68523.3
110.8	68585.2
110.9	68647.1
111.0	68709.0
111.1	68770.9
111.2	68832.8
111.3	68894.7
111.4	68956.6
111.5	69018.5
111.6	69080.4
111.7	69142.3
111.8	69204.2
111.9	69266.1
112.0	69328.0
112.1	69389.9
112.2	69451.8
112.3	69513.7
112.4	69575.6
112.5	69637.5
112.6	69699.4
112.7	69761.3
112.8	69823.2
112.9	69885.1
113.0	69947.0
113.1	70008.9
113.2	70070.8
113.3	70132.7
113.4	70194.6
113.5	70256.5
113.6	70318.4
113.7	70380.3
113.8	70442.2
113.9	70504.1
114.0	70566.0
114.1	70627.9
114.2	70689.8
114.3	70751.7
114.4	70813.6
114.5	70875.5
114.6	70937.4
114.7	70999.3
114.8	71061.2
114.9	71123.1
115.0	71185.0
115.1	71246.9
115.2	71308.8
115.3	71370.7
115.4	71432.6
115.5	71494.5
115.6	71556.4
115.7	71618.3
115.8	71680.2
115.9	71742.1
116.0	71804.0
116.1	71865.9
116.2	71927.8
116.3	71989.7
116.4	72051.6
116.5	72113.5
116.6	72175.4
116.7	72237.3
116.8	72299.2
116.9	72361.1
117.0	72423.0
117.1	72484.9
117.2	72546.8
117.3	72608.7
117.4	72670.6
117.5	72732.5
117.6	72794.4
117.7	72856.3
117.8	72918.2
117.9	72980.1
118.0	73042.0
118.1	73103.9
118.2	73165.8
118.3	73227.7
118.4	73289.6
118.5	73351.5
118.6	73413.4
118.7	73475.3
118.8	73537.2
118.9	73599.1
119.0	73661.0
119.1	73722.9
119.2	73784.8
119.3	73846.7
119.4	73908.6
119.5	73970.5
119.6	74032.4
119.7	74094.3
119.8	74156.2
119.9	74218.1
120.0	74280.0
120.1	74341.9
120.2	74403.8
120.3	74465.7
120.4	74527.6
120.5	74589.5
120.6	74651.4
120.7	74713.3
120.8	74775.2
120.9	74837.1
121.0	74899.0
121.1	74960.9
121.2	75022.8
121.3	75084.7
121.4	75146.6
121.5	75208.5
121.6	75270.4
121.7	75332.3
121.8	75394.2
121.9	75456.1
122.0	75518.0
122.1	75579.9
122.2	75641.8
122.3	75703.7
122.4	75765.6
122.5	75827.5
122.6	75889.4
122.7	75951.3
122.8	76013.2
122.9	76075.1
123.0	76137.0
123.1	76198.9
123.2	76260.8
123.3	76322.7
123.4	76384.6
123.5	76446.5
123.6	76508.4
123.7	76570.3
123.8	76632.2
123.9	76694.1
124.0	76756.0
124.1	76817.9
124.2	76879.8
124.3	76941.7
124.4	77003.6
124.5	77065.5
124.6	77127.4
124.7	77189.3
124.8	77251.2
124.9	77313.1
125.0	77375.0
125.1	77436.9
125.2	77498.8
125.3	77560.7
125.4	77622.6
125.5	77684.5
125.6	77746.4
125.7	77808.3
125.8	77870.2
125.9	77932.1
126.0	77994.0
126.1	78055.9
126.2	78117.8
126.3	78179.7
126.4	78241.6
126.5	78303.5
126.6	78365.4
126.7	78427.3
126.8	78489.2
126.9	78551.1
127.0	78613.0
127.1	78674.9
127.2	78736.8
127.3	78798.7
127.4	78860.6
127.5	78922.5
127.6	78984.4
127.7	79046.3
127.8	79108.2
127.9	79170.1
128.0	79232.0
128.1	79293.9
128.2	79355.79999999999
128.3	79417.70000000001
128.4	79479.6
128.5	79541.5
128.6	79603.4
128.7	79665.29999999999
128.8	79727.20000000001
128.9	79789.1
129.0	79851.0
129.1	79912.9
129.2	79974.79999999999
129.3	80036.70000000001
129.4	80098.6
129.5	80160.5
129.6	80222.4
129.7	80284.29999999999
129.8	80346.20000000001
129.9	80408.1
130.0	80470.0
130.1	80531.9
130.2	80593.79999999999
130.3	80655.70000000001
130.4	80717.6
130.5	80779.5
130.6	80841.4
130.7	80903.29999999999
130.8	80965.20000000001
130.9	81027.1
131.0	81089.0
131.1	81150.9
131.2	81212.79999999999
131.3	81274.70000000001
131.4	81336.6
131.5	81398.5
131.6	81460.4
131.7	81522.29999999999
131.8	81584.20000000001
131.9	81646.1
132.0	81708.0
132.1	81769.9
132.2	81831.79999999999
132.3	81893.70000000001
132.4	81955.6
132.5	82017.5
132.6	82079.4
132.7	82141.29999999999
132.8	82203.20000000001
132.9	82265.1
133.0	82327.0
133.1	82388.9
133.2	82450.79999999999
133.3	82512.70000000001
133.4	82574.6
133.5	82636.5
133.6	82698.4
133.7	82760.29999999999
133.8	82822.20000000001
133.9	82884.1
134.0	82946.0
134.1	83007.9
134.2	83069.79999999999
134.3	83131.70000000001
134.4	83193.6
134.5	83255.5
134.6	83317.4
134.7	83379.29999999999
134.8	83441.20000000001
134.9	83503.1
135.0	83565.0
135.1	83626.9
135.2	83688.79999999999
135.3	83750.70000000001
135.4	83812.6
135.5	83874.5
135.6	83936.4
135.7	83998.29999999999
135.8	84060.20000000001
135.9	84122.1
136.0	84184.0
136.1	84245.9
136.2	84307.79999999999
136.3	84369.70000000001
136.4	84431.6
136.5	84493.5
136.6	84555.4
136.7	84617.29999999999
136.8	84679.20000000001
136.9	84741.1
137.0	84803.0
137.1	84864.9
137.2	84926.79999999999
137.3	84988.70000000001
137.4	85050.6
137.5	85112.5
137.6	85174.4
137.7	85236.29999999999
137.8	85298.20000000001
137.9	85360.1
138.0	85422.0
138.1	85483.9
138.2	85545.79999999999
138.3	85607.70000000001
138.4	85669.6
138.5	85731.5
138.6	85793.4
138.7	85855.29999999999
138.8	85917.20000000001
138.9	85979.1
139.0	86041.0
139.1	86102.9
139.2	86164.79999999999
139.3	86226.70000000001
139.4	86288.6
139.5	86350.5
139.6	86412.4
139.7	86474.29999999999
139.8	86536.20000000001
139.9	86598.1
140.0	86660.0
140.1	86721.9
140.2	86783.79999999999
140.3	86845.70000000001
140.4	86907.6
140.5	86969.5
140.6	87031.4
140.7	87093.29999999999
140.8	87155.20000000001
140.9	87217.1
141.0	87279.0
141.1	87340.9
141.2	87402.79999999999
141.3	87464.70000000001
141.4	87526.6
141.5	87588.5
141.6	87650.4
141.7	87712.29999999999
141.8	87774.20000000001
141.9	87836.1
142.0	87898.0
142.1	87959.9
142.2	88021.79999999999
142.3	88083.70000000001
142.4	88145.6
142.5	88207.5
142.6	88269.4
142.7	88331.29999999999
142.8	88393.20000000001
142.9	88455.1
143.0	88517.0
143.1	88578.9
143.2	88640.79999999999
143.3	88702.70000000001
143.4	88764.6
143.5	88826.5
143.6	88888.4
143.7	88950.29999999999
143.8	89012.20000000001
143.9	89074.1
144.0	89136.0
144.1	89197.9
144.2	89259.79999999999
144.3	89321.70000000001
144.4	89383.6
144.5	89445.5
144.6	89507.4
144.7	89569.29999999999
144.8	89631.20000000001
144.9	89693.1
145.0	89755.0
145.1	89816.9
145.2	89878.79999999999
145.3	89940.70000000001
145.4	90002.6
145.5	90064.5
145.6	90126.4
145.7	90188.29999999999
145.8	90250.20000000001
145.9	90312.1
146.0	90374.0
146.1	90435.9
146.2	90497.79999999999
146.3	90559.70000000001
146.4	90621.6
146.5	90683.5
146.6	90745.4
146.7	90807.29999999999
146.8	90869.20000000001
146.9	90931.1
147.0	90993.0
147.1	91054.9
147.2	91116.79999999999
147.3	91178.70000000001
147.4	91240.6
147.5	91302.5
147.6	91364.4
147.7	91426.29999999999
147.8	91488.20000000001
147.9	91550.1
148.0	91612.0
148.1	91673.9
148.2	91735.79999999999
148.3	91797.70000000001
148.4	91859.6
148.5	91921.5
148.6	91983.4
148.7	92045.29999999999
148.8	92107.20000000001
148.9	92169.1
149.0	92231.0
149.1	92292.9
149.2	92354.79999999999
149.3	92416.70000000001
149.4	92478.6
149.5	92540.5
149.6	92602.4
149.7	92664.29999999999
149.8	92726.20000000001
149.9	92788.1
150.0	92850.0
150.1	92911.9
150.2	92973.79999999999
150.3	93035.70000000001
150.4	93097.6
150.5	93159.5
150.6	93221.4
150.7	93283.29999999999
150.8	93345.20000000001
150.9	93407.1
151.0	93469.0
151.1	93530.9
151.2	93592.79999999999
151.3	93654.70000000001
151.4	93716.6
151.5	93778.5
151.6	93840.4
151.7	93902.29999999999
151.8	93964.20000000001
151.9	94026.1
152.0	94088.0
152.1	94149.9
152.2	94211.79999999999
152.3	94273.70000000001
152.4	94335.6
152.5	94397.5
152.6	94459.4
152.7	94521.29999999999
152.8	94583.20000000001
152.9	94645.1
153.0	94707.0
153.1	94768.9
153.2	94830.79999999999
153.3	94892.70000000001
153.4	94954.6
153.5	95016.5
153.6	95078.4
153.7	95140.29999999999
153.8	95202.20000000001
153.9	95264.1
154.0	95326.0
154.1	95387.9
154.2	95449.79999999999
154.3	95511.70000000001
154.4	95573.6
154.5	95635.5
154.6	95697.4
154.7	95759.29999999999
154.8	95821.20000000001
154.9	95883.1
155.0	95945.0
155.1	96006.9
155.2	96068.79999999999
155.3	96130.70000000001
155.4	96192.6
155.5	96254.5
155.6	96316.4
155.7	96378.29999999999
155.8	96440.20000000001
155.9	96502.1
156.0	96564.0
156.1	96625.9
156.2	96687.79999999999
156.3	96749.70000000001
156.4	96811.6
156.5	96873.5
156.6	96935.4
156.7	96997.29999999999
156.8	97059.20000000001
156.9	97121.1
157.0	97183.0
157.1	97244.9
157.2	97306.79999999999
157.3	97368.70000000001
157.4	97430.6
157.5	97492.5
157.6	97554.4
157.7	97616.29999999999
157.8	97678.20000000001
157.9	97740.1
158.0	97802.0
158.1	97863.9
158.2	97925.79999999999
158.3	97987.70000000001
158.4	98049.6
158.5	98111.5
158.6	98173.4
158.7	98235.29999999999
158.8	98297.20000000001
158.9	98359.1
159.0	98421.0
159.1	98482.9
159.2	98544.79999999999
159.3	98606.70000000001
159.4	98668.6
159.5	98730.5
159.6	98792.4
159.7	98854.29999999999
159.8	98916.20000000001
159.9	98978.1
160.0	99040.0
160.1	99101.9
160.2	99163.79999999999
160.3	99225.70000000001
160.4	99287.6
160.5	99349.5
160.6	99411.4
160.7	99473.29999999999
160.8	99535.20000000001
160.9	99597.1
161.0	99659.0
161.1	99720.9
161.2	99782.79999999999
161.3	99844.70000000001
161.4	99906.6
161.5	99968.5
161.6	100030.4
161.7	100092.29999999999
161.8	100154.20000000001
161.9	100216.1
162.0	100278.0
162.1	100339.9
162.2	100401.79999999999
162.3	100463.70000000001
162.4	100525.6
162.5	100587.5
162.6	100649.4
162.7	100711.29999999999
162.8	100773.20000000001
162.9	100835.1
163.0	100897.0
163.1	100958.9
163.2	101020.79999999999
163.3	101082.70000000001
163.4	101144.6
163.5	101206.5
163.6	101268.4
163.7	101330.29999999999
163.8	101392.20000000001
163.9	101454.1
164.0	101516.0
164.1	101577.9
164.2	101639.79999999999
164.3	101701.70000000001
164.4	101763.6
164.5	101825.5
164.6	101887.4
164.7	101949.29999999999
164.8	102011.20000000001
164.9	102073.1
165.0	102135.0
165.1	102196.9
165.2	102258.79999999999
165.3	102320.70000000001
165.4	102382.6
165.5	102444.5
165.6	102506.4
165.7	102568.29999999999
165.8	102630.20000000001
165.9	102692.1
166.0	102754.0
166.1	102815.9
166.2	102877.79999999999
166.3	102939.70000000001
166.4	103001.6
166.5	103063.5
166.6	103125.4
166.7	103187.29999999999
166.8	103249.20000000001
166.9	103311.1
167.0	103373.0
167.1	103434.9
167.2	103496.79999999999
167.3	103558.70000000001
167.4	103620.6
167.5	103682.5
167.6	103744.4
167.7	103806.29999999999
167.8	103868.20000000001
167.9	103930.1
168.0	103992.0
168.1	104053.9
168.2	104115.79999999999
168.3	104177.70000000001
168.4	104239.6
168.5	104301.5
168.6	104363.4
168.7	104425.29999999999
168.8	104487.20000000001
168.9	104549.1
169.0	104611.0
169.1	104672.9
169.2	104734.79999999999
169.3	104796.70000000001
169.4	104858.6
169.5	104920.5
169.6	104982.4
169.7	105044.29999999999
169.8	105106.20000000001
169.9	105168.1
170.0	105230.0
170.1	105291.9
170.2	105353.79999999999
170.3	105415.70000000001
170.4	105477.6
170.5	105539.5
170.6	105601.4
170.7	105663.29999999999
170.8	105725.20000000001
170.9	105787.1
171.0	105849.0
171.1	105910.9
171.2	105972.79999999999
171.3	106034.70000000001
171.4	106096.6
171.5	106158.5
171.6	106220.4
171.7	106282.29999999999
171.8	106344.20000000001
171.9	106406.1
172.0	106468.0
172.1	106529.9
172.2	106591.79999999999
172.3	106653.70000000001
172.4	106715.6
172.5	106777.5
172.6	106839.4
172.7	106901.29999999999
172.8	106963.20000000001
172.9	107025.1
173.0	107087.0
173.1	107148.9
173.2	107210.79999999999
173.3	107272.70000000001
173.4	107334.6
173.5	107396.5
173.6	107458.4
173.7	107520.29999999999
173.8	107582.20000000001
173.9	107644.1
174.0	107706.0
174.1	107767.9
174.2	107829.79999999999
174.3	107891.70000000001
174.4	107953.6
174.5	108015.5
174.6	108077.4
174.7	108139.29999999999
174.8	108201.20000000001
174.9	108263.1
175.0	108325.0
175.1	108386.9
175.2	108448.79999999999
175.3	108510.70000000001
175.4	108572.6
175.5	108634.5
175.6	108696.4
175.7	108758.29999999999
175.8	108820.20000000001
175.9	108882.1
176.0	108944.0
176.1	109005.9
176.2	109067.79999999999
176.3	109129.70000000001
176.4	109191.6
176.5	109253.5
176.6	109315.4
176.7	109377.29999999999
176.8	109439.20000000001
176.9	109501.1
177.0	109563.0
177.1	109624.9
177.2	109686.79999999999
177.3	109748.70000000001
177.4	109810.6
177.5	109872.5
177.6	109934.4
177.7	109996.29999999999
177.8	110058.20000000001
177.9	110120.1
178.0	110182.0
178.1	110243.9
178.2	110305.79999999999
178.3	110367.70000000001
178.4	110429.6
178.5	110491.5
178.6	110553.4
178.7	110615.29999999999
178.8	110677.20000000001
178.9	110739.1
179.0	110801.0
179.1	110862.9
179.2	110924.79999999999
179.3	110986.70000000001
179.4	111048.6
179.5	111110.5
179.6	111172.4
179.7	111234.29999999999
179.8	111296.20000000001
179.9	111358.1
180.0	111420.0
180.1	111481.9
180.2	111543.79999999999
180.3	111605.70000000001
180.4	111667.6
180.5	111729.5
180.6	111791.4
180.7	111853.29999999999
180.8	111915.20000000001
180.9	111977.1
181.0	112039.0
181.1	112100.9
181.2	112162.79999999999
181.3	112224.70000000001
181.4	112286.6
181.5	112348.5
181.6	112410.4
181.7	112472.29999999999
181.8	112534.20000000001
181.9	112596.1
182.0	112658.0
182.1	112719.9
182.2	112781.79999999999
182.3	112843.70000000001
182.4	112905.6
182.5	112967.5
182.6	113029.4
182.7	113091.29999999999
182.8	113153.20000000001
182.9	113215.1
183.0	113277.0
183.1	113338.9
183.2	113400.79999999999
183.3	113462.70000000001
183.4	113524.6
183.5	113586.5
183.6	113648.4
183.7	113710.29999999999
183.8	113772.20000000001
183.9	113834.1
184.0	113896.0
184.1	113957.9
184.2	114019.79999999999
184.3	114081.70000000001
184.4	114143.6
184.5	114205.5
184.6	114267.4
184.7	114329.29999999999
184.8	114391.20000000001
184.9	114453.1
185.0	114515.0
185.1	114576.9
185.2	114638.79999999999
185.3	114700.70000000001
185.4	114762.6
185.5	114824.5
185.6	114886.4
185.7	114948.29999999999
185.8	115010.20000000001
185.9	115072.1
186.0	115134.0
186.1	115195.9
186.2	115257.79999999999
186.3	115319.70000000001
186.4	115381.6
186.5	115443.5
186.6	115505.4
186.7	115567.29999999999
186.8	115629.20000000001
186.9	115691.1
187.0	115753.0
187.1	115814.9
187.2	115876.79999999999
187.3	115938.70000000001
187.4	116000.6
187.5	116062.5
187.6	116124.4
187.7	116186.29999999999
187.8	116248.20000000001
187.9	116310.1
188.0	116372.0
188.1	116433.9
188.2	116495.79999999999
188.3	116557.70000000001
188.4	116619.6
188.5	116681.5
188.6	116743.4
188.7	116805.29999999999
188.8	116867.20000000001
188.9	116929.1
189.0	116991.0
189.1	117052.9
189.2	117114.79999999999
189.3	117176.70000000001
189.4	117238.6
189.5	117300.5
189.6	117362.4
189.7	117424.29999999999
189.8	117486.20000000001
189.9	117548.1
190.0	117610.0
190.1	117671.9
190.2	117733.79999999999
190.3	117795.70000000001
190.4	117857.6
190.5	117919.5
190.6	117981.4
190.7	118043.29999999999
190.8	118105.20000000001
190.9	118167.1
191.0	118229.0
191.1	118290.9
191.2	118352.79999999999
191.3	118414.70000000001
191.4	118476.6
191.5	118538.5
191.6	118600.4
191.7	118662.29999999999
191.8	118724.20000000001
191.9	118786.1
192.0	118848.0
192.1	118909.9
192.2	118971.79999999999
192.3	119033.70000000001
192.4	119095.6
192.5	119157.5
192.6	119219.4
192.7	119281.29999999999
192.8	119343.20000000001
192.9	119405.1
193.0	119467.0
193.1	119528.9
193.2	119590.79999999999
193.3	119652.70000000001
193.4	119714.6
193.5	119776.5
193.6	119838.4
193.7	119900.29999999999
193.8	119962.20000000001
193.9	120024.1
194.0	120086.0
194.1	120147.9
194.2	120209.79999999999
194.3	120271.70000000001
194.4	120333.6
194.5	120395.5
194.6	120457.4
194.7	120519.29999999999
194.8	120581.20000000001
194.9	120643.1
195.0	120705.0
195.1	120766.9
195.2	120828.79999999999
195.3	120890.70000000001
195.4	120952.6
195.5	121014.5
195.6	121076.4
195.7	121138.29999999999
195.8	121200.20000000001
195.9	121262.1
196.0	121324.0
196.1	121385.9
196.2	121447.79999999999
196.3	121509.70000000001
196.4	121571.6
196.5	121633.5
196.6	121695.4
196.7	121757.29999999999
196.8	121819.20000000001
196.9	121881.1
197.0	121943.0
197.1	122004.9
197.2	122066.79999999999
197.3	122128.70000000001
197.4	122190.6
197.5	122252.5
197.6	122314.4
197.7	122376.29999999999
197.8	122438.20000000001
197.9	122500.1
198.0	122562.0
198.1	122623.9
198.2	122685.79999999999
198.3	122747.70000000001
198.4	122809.6
198.5	122871.5
198.6	122933.4
198.7	122995.29999999999
198.8	123057.20000000001
198.9	123119.1
199.0	123181.0
199.1	123242.9
199.2	123304.79999999999
199.3	123366.70000000001
199.4	123428.6
199.5	123490.5
199.6	123552.4
199.7	123614.29999999999
199.8	123676.20000000001
199.9	123738.1
200.0	123800.0
200.1	123861.9
200.2	123923.79999999999
200.3	123985.70000000001
200.4	124047.6
200.5	124109.5
200.6	124171.4
200.7	124233.29999999999
200.8	124295.20000000001
200.9	124357.1
201.0	124419.0
201.1	124480.9
201.2	124542.79999999999
201.3	124604.70000000001
201.4	124666.6
201.5	124728.5
201.6	124790.4
201.7	124852.29999999999
201.8	124914.20000000001
201.9	124976.1
202.0	125038.0
202.1	125099.9
202.2	125161.79999999999
202.3	125223.70000000001
202.4	125285.6
202.5	125347.5
202.6	125409.4
202.7	125471.29999999999
202.8	125533.20000000001
202.9	125595.1
203.0	125657.0
203.1	125718.9
203.2	125780.79999999999
203.3	125842.70000000001
203.4	125904.6
203.5	125966.5
203.6	126028.4
203.7	126090.29999999999
203.8	126152.20000000001
203.9	126214.1
204.0	126276.0
204.1	126337.9
204.2	126399.79999999999
204.3	126461.70000000001
204.4	126523.6
204.5	126585.5
204.6	126647.4
204.7	126709.29999999999
204.8	126771.20000000001
204.9	126833.1
205.0	126895.0
205.1	126956.9
205.2	127018.79999999999
205.3	127080.70000000001
205.4	127142.6
205.5	127204.5
205.6	127266.4
205.7	127328.29999999999
205.8	127390.20000000001
205.9	127452.1
206.0	127514.0
206.1	127575.9
206.2	127637.79999999999
206.3	127699.70000000001
206.4	127761.6
206.5	127823.5
206.6	127885.4
206.7	127947.29999999999
206.8	128009.20000000001
206.9	128071.1
207.0	128133.0
207.1	128194.9
207.2	128256.79999999999
207.3	128318.70000000001
207.4	128380.6
207.5	128442.5
207.6	128504.4
207.7	128566.29999999999
207.8	128628.20000000001
207.9	128690.1
208.0	128752.0
208.1	128813.9
208.2	128875.79999999999
208.3	128937.70000000001
208.4	128999.6
208.5	129061.5
208.6	129123.4
208.7	129185.29999999999
208.8	129247.20000000001
208.9	129309.1
209.0	129371.0
209.1	129432.9
209.2	129494.79999999999
209.3	129556.70000000001
209.4	129618.6
209.5	129680.5
209.6	129742.4
209.7	129804.29999999999
209.8	129866.20000000001
209.9	129928.1
210.0	129990.0
210.1	130051.9
210.2	130113.79999999999
210.3	130175.70000000001
210.4	130237.6
210.5	130299.5
210.6	130361.4
210.7	130423.29999999999
210.8	130485.20000000001
210.9	130547.1
211.0	130609.0
211.1	130670.9
211.2	130732.79999999999
211.3	130794.70000000001
211.4	130856.6
211.5	130918.5
211.6	130980.4
211.7	131042.29999999999
211.8	131104.2
211.9	131166.1
212.0	131228.0
212.1	131289.9
212.2	131351.8
212.3	131413.7
212.4	131475.6
212.5	131537.5
212.6	131599.4
212.7	131661.3
212.8	131723.2
212.9	131785.1
213.0	131847.0
213.1	131908.9
213.2	131970.8
213.3	132032.7
213.4	132094.6
213.5	132156.5
213.6	132218.4
213.7	132280.3
213.8	132342.2
213.9	132404.1
214.0	132466.0
214.1	132527.9
214.2	132589.8
214.3	132651.7
214.4	132713.6
214.5	132775.5
214.6	132837.4
214.7	132899.3
214.8	132961.2
214.9	133023.1
215.0	133085.0
215.1	133146.9
215.2	133208.8
215.3	133270.7
215.4	133332.6
215.5	133394.5
215.6	133456.4
215.7	133518.3
215.8	133580.2
215.9	133642.1
216.0	133704.0
216.1	133765.9
216.2	133827.8
216.3	133889.7
216.4	133951.6
216.5	134013.5
216.6	134075.4
216.7	134137.3
216.8	134199.2
216.9	134261.1
217.0	134323.0
217.1	134384.9
217.2	134446.8
217.3	134508.7
217.4	134570.6
217.5	134632.5
217.6	134694.4
217.7	134756.3
217.8	134818.2
217.9	134880.1
218.0	134942.0
218.1	135003.9
218.2	135065.8
218.3	135127.7
218.4	135189.6
218.5	135251.5
218.6	135313.4
218.7	135375.3
218.8	135437.2
218.9	135499.1
219.0	135561.0
219.1	135622.9
219.2	135684.8
219.3	135746.7
219.4	135808.6
219.5	135870.5
219.6	135932.4
219.7	135994.3
219.8	136056.2
219.9	136118.1
220.0	136180.0
220.1	136241.9
220.2	136303.8
220.3	136365.7
220.4	136427.6
220.5	136489.5
220.6	136551.4
220.7	136613.3
220.8	136675.2
220.9	136737.1
221.0	136799.0
221.1	136860.9
221.2	136922.8
221.3	136984.7
221.4	137046.6
221.5	137108.5
221.6	137170.4
221.7	137232.3
221.8	137294.2
221.9	137356.1
222.0	137418.0
222.1	137479.9
222.2	137541.8
222.3	137603.7
222.4	137665.6
222.5	137727.5
222.6	137789.4
222.7	137851.3
222.8	137913.2
222.9	137975.1
223.0	138037.0
223.1	138098.9
223.2	138160.8
223.3	138222.7
223.4	138284.6
223.5	138346.5
223.6	138408.4
223.7	138470.3
223.8	138532.2
223.9	138594.1
224.0	138656.0
224.1	138717.9
224.2	138779.8
224.3	138841.7
224.4	138903.6
224.5	138965.5
224.6	139027.4
224.7	139089.3
224.8	139151.2
224.9	139213.1
225.0	139275.0
225.1	139336.9
225.2	139398.8
225.3	139460.7
225.4	139522.6
225.5	139584.5
225.6	139646.4
225.7	139708.3
225.8	139770.2
225.9	139832.1
226.0	139894.0
226.1	139955.9
226.2	140017.8
226.3	140079.7
226.4	140141.6
226.5	140203.5
226.6	140265.4
226.7	140327.3
226.8	140389.2
226.9	140451.1
227.0	140513.0
227.1	140574.9
227.2	140636.8
227.3	140698.7
227.4	140760.6
227.5	140822.5
227.6	140884.4
227.7	140946.3
227.8	141008.2
227.9	141070.1
228.0	141132.0
228.1	141193.9
228.2	141255.8
228.3	141317.7
228.4	141379.6
228.5	141441.5
228.6	141503.4
228.7	141565.3
228.8	141627.2
228.9	141689.1
229.0	141751.0
229.1	141812.9
229.2	141874.8
229.3	141936.7
229.4	141998.6
229.5	142060.5
229.6	142122.4
229.7	142184.3
229.8	142246.2
229.9	142308.1
230.0	142370.0
230.1	142431.9
230.2	142493.8
230.3	142555.7
230.4	142617.6
230.5	142679.5
230.6	142741.4
230.7	142803.3
230.8	142865.2
230.9	142927.1
231.0	142989.0
231.1	143050.9
231.2	143112.8
231.3	143174.7
231.4	143236.6
231.5	143298.5
231.6	143360.4
231.7	143422.3
231.8	143484.2
231.9	143546.1
232.0	143608.0
232.1	143669.9
232.2	143731.8
232.3	143793.7
232.4	143855.6
232.5	143917.5
232.6	143979.4
232.7	144041.3
232.8	144103.2
232.9	144165.1
233.0	144227.0
233.1	144288.9
233.2	144350.8
233.3	144412.7
233.4	144474.6
233.5	144536.5
233.6	144598.4
233.7	144660.3
233.8	144722.2
233.9	144784.1
234.0	144846.0
234.1	144907.9
234.2	144969.8
234.3	145031.7
234.4	145093.6
234.5	145155.5
234.6	145217.4
234.7	145279.3
234.8	145341.2
234.9	145403.1
235.0	145465.0
235.1	145526.9
235.2	145588.8
235.3	145650.7
235.4	145712.6
235.5	145774.5
235.6	145836.4
235.7	145898.3
235.8	145960.2
235.9	146022.1
236.0	146084.0
236.1	146145.9
236.2	146207.8
236.3	146269.7
236.4	146331.6
236.5	146393.5
236.6	146455.4
236.7	146517.3
236.8	146579.2
236.9	146641.1
237.0	146703.0
237.1	146764.9
237.2	146826.8
237.3	146888.7
237.4	146950.6
237.5	147012.5
237.6	147074.4
237.7	147136.3
237.8	147198.2
237.9	147260.1
238.0	147322.0
238.1	147383.9
238.2	147445.8
238.3	147507.7
238.4	147569.6
238.5	147631.5
238.6	147693.4
238.7	147755.3
238.8	147817.2
238.9	147879.1
239.0	147941.0
239.1	148002.9
239.2	148064.8
239.3	148126.7
239.4	148188.6
239.5	148250.5
239.6	148312.4
239.7	148374.3
239.8	148436.2
239.9	148498.1
240.0	148560.0
240.1	148621.9
240.2	148683.8
240.3	148745.7
240.4	148807.6
240.5	148869.5
240.6	148931.4
240.7	148993.3
240.8	149055.2
240.9	149117.1
241.0	149179.0
241.1	149240.9
241.2	149302.8
241.3	149364.7
241.4	149426.6
241.5	149488.5
241.6	149550.4
241.7	149612.3
241.8	149674.2
241.9	149736.1
242.0	149798.0
242.1	149859.9
242.2	149921.8
242.3	149983.7
242.4	150045.6
242.5	150107.5
242.6	150169.4
242.7	150231.3
242.8	150293.2
242.9	150355.1
243.0	150417.0
243.1	150478.9
243.2	150540.8
243.3	150602.7
243.4	150664.6
243.5	150726.5
243.6	150788.4
243.7	150850.3
243.8	150912.2
243.9	150974.1
244.0	151036.0
244.1	151097.9
244.2	151159.8
244.3	151221.7
244.4	151283.6
244.5	151345.5
244.6	151407.4
244.7	151469.3
244.8	151531.2
244.9	151593.1
245.0	151655.0
245.1	151716.9
245.2	151778.8
245.3	151840.7
245.4	151902.6
245.5	151964.5
245.6	152026.4
245.7	152088.3
245.8	152150.2
245.9	152212.1
246.0	152274.0
246.1	152335.9
246.2	152397.8
246.3	152459.7
246.4	152521.6
246.5	152583.5
246.6	152645.4
246.7	152707.3
246.8	152769.2
246.9	152831.1
247.0	152893.0
247.1	152954.9
247.2	153016.8
247.3	153078.7
247.4	153140.6
247.5	153202.5
247.6	153264.4
247.7	153326.3
247.8	153388.2
247.9	153450.1
248.0	153512.0
248.1	153573.9
248.2	153635.8
248.3	153697.7
248.4	153759.6
248.5	153821.5
248.6	153883.4
248.7	153945.3
248.8	154007.2
248.9	154069.1
249.0	154131.0
249.1	154192.9
249.2	154254.8
249.3	154316.7
249.4	154378.6
249.5	154440.5
249.6	154502.4
249.7	154564.3
249.8	154626.2
249.9	154688.1
250.0	154750.0
250.1	154811.9
250.2	154873.8
250.3	154935.7
250.4	154997.6
250.5	155059.5
250.6	155121.4
250.7	155183.3
250.8	155245.2
250.9	155307.1
251.0	155369.0
251.1	155430.9
251.2	155492.8
251.3	155554.7
251.4	155616.6
251.5	155678.5
251.6	155740.4
251.7	155802.3
251.8	155864.2
251.9	155926.1
252.0	155988.0
252.1	156049.9
252.2	156111.8
252.3	156173.7
252.4	156235.6
252.5	156297.5
252.6	156359.4
252.7	156421.3
252.8	156483.2
252.9	156545.1
253.0	156607.0
253.1	156668.9
253.2	156730.8
253.3	156792.7
253.4	156854.6
253.5	156916.5
253.6	156978.4
253.7	157040.3
253.8	157102.2
253.9	157164.1
254.0	157226.0
254.1	157287.9
254.2	157349.8
254.3	157411.7
254.4	157473.6
254.5	157535.5
254.6	157597.4
254.7	157659.3
254.8	157721.2
254.9	157783.1
255.0	157845.0
255.1	157906.9
255.2	157968.8
255.3	158030.7
255.4	158092.6
255.5	158154.5
255.6	158216.4
255.7	158278.3
255.8	158340.2
255.9	158402.1
256.0	158464.0
256.1	158525.90000000002
256.2	158587.8
256.3	158649.7
256.4	158711.59999999998
256.5	158773.5
256.6	158835.40000000002
256.7	158897.3
256.8	158959.2
256.9	159021.09999999998
257.0	159083.0
257.1	159144.90000000002
257.2	159206.8
257.3	159268.7
257.4	159330.59999999998
257.5	159392.5
257.6	159454.40000000002
257.7	159516.3
257.8	159578.2
257.9	159640.09999999998
258.0	159702.0
258.1	159763.90000000002
258.2	159825.8
258.3	159887.7
258.4	159949.59999999998
258.5	160011.5
258.6	160073.40000000002
258.7	160135.3
258.8	160197.2
258.9	160259.09999999998
259.0	160321.0
259.1	160382.90000000002
259.2	160444.8
259.3	160506.7
259.4	160568.59999999998
259.5	160630.5
259.6	160692.40000000002
259.7	160754.3
259.8	160816.2
259.9	160878.09999999998
260.0	160940.0
260.1	161001.90000000002
260.2	161063.8
260.3	161125.7
260.4	161187.59999999998
260.5	161249.5
260.6	161311.40000000002
260.7	161373.3
260.8	161435.2
260.9	161497.09999999998
261.0	161559.0
261.1	161620.90000000002
261.2	161682.8
261.3	161744.7
261.4	161806.59999999998
261.5	161868.5
261.6	161930.40000000002
261.7	161992.3
261.8	162054.2
261.9	162116.09999999998
262.0	162178.0
262.1	162239.90000000002
262.2	162301.8
262.3	162363.7
262.4	162425.59999999998
262.5	162487.5
262.6	162549.40000000002
262.7	162611.3
262.8	162673.2
262.9	162735.09999999998
263.0	162797.0
263.1	162858.90000000002
263.2	162920.8
263.3	162982.7
263.4	163044.59999999998
263.5	163106.5
263.6	163168.40000000002
263.7	163230.3
263.8	163292.2
263.9	163354.09999999998
264.0	163416.0
264.1	163477.90000000002
264.2	163539.8
264.3	163601.7
264.4	163663.59999999998
264.5	163725.5
264.6	163787.40000000002
264.7	163849.3
264.8	163911.2
264.9	163973.09999999998
265.0	164035.0
265.1	164096.90000000002
265.2	164158.8
265.3	164220.7
265.4	164282.59999999998
265.5	164344.5
265.6	164406.40000000002
265.7	164468.3
265.8	164530.2
265.9	164592.09999999998
266.0	164654.0
266.1	164715.90000000002
266.2	164777.8
266.3	164839.7
266.4	164901.59999999998
266.5	164963.5
266.6	165025.40000000002
266.7	165087.3
266.8	165149.2
266.9	165211.09999999998
267.0	165273.0
267.1	165334.90000000002
267.2	165396.8
267.3	165458.7
267.4	165520.59999999998
267.5	165582.5
267.6	165644.40000000002
267.7	165706.3
267.8	165768.2
267.9	165830.09999999998
268.0	165892.0
268.1	165953.90000000002
268.2	166015.8
268.3	166077.7
268.4	166139.59999999998
268.5	166201.5
268.6	166263.40000000002
268.7	166325.3
268.8	166387.2
268.9	166449.09999999998
269.0	166511.0
269.1	166572.90000000002
269.2	166634.8
269.3	166696.7
269.4	166758.59999999998
269.5	166820.5
269.6	166882.40000000002
269.7	166944.3
269.8	167006.2
269.9	167068.09999999998
270.0	167130.0
270.1	167191.90000000002
270.2	167253.8
270.3	167315.7
270.4	167377.59999999998
270.5	167439.5
270.6	167501.40000000002
270.7	167563.3
270.8	167625.2
270.9	167687.09999999998
271.0	167749.0
271.1	167810.90000000002
271.2	167872.8
271.3	167934.7
271.4	167996.59999999998
271.5	168058.5
271.6	168120.40000000002
271.7	168182.3
271.8	168244.2
271.9	168306.09999999998
272.0	168368.0
272.1	168429.90000000002
272.2	168491.8
272.3	168553.7
272.4	168615.59999999998
272.5	168677.5
272.6	168739.40000000002
272.7	168801.3
272.8	168863.2
272.9	168925.09999999998
273.0	168987.0
273.1	169048.90000000002
273.2	169110.8
273.3	169172.7
273.4	169234.59999999998
273.5	169296.5
273.6	169358.40000000002
273.7	169420.3
273.8	169482.2
273.9	169544.09999999998
274.0	169606.0
274.1	169667.90000000002
274.2	169729.8
274.3	169791.7
274.4	169853.59999999998
274.5	169915.5
274.6	169977.40000000002
274.7	170039.3
274.8	170101.2
274.9	170163.09999999998
275.0	170225.0
275.1	170286.90000000002
275.2	170348.8
275.3	170410.7
275.4	170472.59999999998
275.5	170534.5
275.6	170596.40000000002
275.7	170658.3
275.8	170720.2
275.9	170782.09999999998
276.0	170844.0
276.1	170905.90000000002
276.2	170967.8
276.3	171029.7
276.4	171091.59999999998
276.5	171153.5
276.6	171215.40000000002
276.7	171277.3
276.8	171339.2
276.9	171401.09999999998
277.0	171463.0
277.1	171524.90000000002
277.2	171586.8
277.3	171648.7
277.4	171710.59999999998
277.5	171772.5
277.6	171834.40000000002
277.7	171896.3
277.8	171958.2
277.9	172020.09999999998
278.0	172082.0
278.1	172143.90000000002
278.2	172205.8
278.3	172267.7
278.4	172329.59999999998
278.5	172391.5
278.6	172453.40000000002
278.7	172515.3
278.8	172577.2
278.9	172639.09999999998
279.0	172701.0
279.1	172762.90000000002
279.2	172824.8
279.3	172886.7
279.4	172948.59999999998
279.5	173010.5
279.6	173072.40000000002
279.7	173134.3
279.8	173196.2
279.9	173258.09999999998
280.0	173320.0
280.1	173381.90000000002
280.2	173443.8
280.3	173505.7
280.4	173567.59999999998
280.5	173629.5
280.6	173691.40000000002
280.7	173753.3
280.8	173815.2
280.9	173877.09999999998
281.0	173939.0
281.1	174000.90000000002
281.2	174062.8
281.3	174124.7
281.4	174186.59999999998
281.5	174248.5
281.6	174310.40000000002
281.7	174372.3
281.8	174434.2
281.9	174496.09999999998
282.0	174558.0
282.1	174619.90000000002
282.2	174681.8
282.3	174743.7
282.4	174805.59999999998
282.5	174867.5
282.6	174929.40000000002
282.7	174991.3
282.8	175053.2
282.9	175115.09999999998
283.0	175177.0
283.1	175238.90000000002
283.2	175300.8
283.3	175362.7
283.4	175424.59999999998
283.5	175486.5
283.6	175548.40000000002
283.7	175610.3
283.8	175672.2
283.9	175734.09999999998
284.0	175796.0
284.1	175857.90000000002
284.2	175919.8
284.3	175981.7
284.4	176043.59999999998
284.5	176105.5
284.6	176167.40000000002
284.7	176229.3
284.8	176291.2
284.9	176353.09999999998
285.0	176415.0
285.1	176476.90000000002
285.2	176538.8
285.3	176600.7
285.4	176662.59999999998
285.5	176724.5
285.6	176786.40000000002
285.7	176848.3
285.8	176910.2
285.9	176972.09999999998
286.0	177034.0
286.1	177095.90000000002
286.2	177157.8
286.3	177219.7
286.4	177281.59999999998
286.5	177343.5
286.6	177405.40000000002
286.7	177467.3
286.8	177529.2
286.9	177591.09999999998
287.0	177653.0
287.1	177714.90000000002
287.2	177776.8
287.3	177838.7
287.4	177900.59999999998
287.5	177962.5
287.6	178024.40000000002
287.7	178086.3
287.8	178148.2
287.9	178210.09999999998
288.0	178272.0
288.1	178333.90000000002
288.2	178395.8
288.3	178457.7
288.4	178519.59999999998
288.5	178581.5
288.6	178643.40000000002
288.7	178705.3
288.8	178767.2
288.9	178829.09999999998
289.0	178891.0
289.1	178952.90000000002
289.2	179014.8
289.3	179076.7
289.4	179138.59999999998
289.5	179200.5
289.6	179262.40000000002
289.7	179324.3
289.8	179386.2
289.9	179448.09999999998
290.0	179510.0
290.1	179571.90000000002
290.2	179633.8
290.3	179695.7
290.4	179757.59999999998
290.5	179819.5
290.6	179881.40000000002
290.7	179943.3
290.8	180005.2
290.9	180067.09999999998
291.0	180129.0
291.1	180190.90000000002
291.2	180252.8
291.3	180314.7
291.4	180376.59999999998
291.5	180438.5
291.6	180500.40000000002
291.7	180562.3
291.8	180624.2
291.9	180686.09999999998
292.0	180748.0
292.1	180809.90000000002
292.2	180871.8
292.3	180933.7
292.4	180995.59999999998
292.5	181057.5
292.6	181119.40000000002
292.7	181181.3
292.8	181243.2
292.9	181305.09999999998
293.0	181367.0
293.1	181428.90000000002
293.2	181490.8
293.3	181552.7
293.4	181614.59999999998
293.5	181676.5
293.6	181738.40000000002
293.7	181800.3
293.8	181862.2
293.9	181924.09999999998
294.0	181986.0
294.1	182047.90000000002
294.2	182109.8
294.3	182171.7
294.4	182233.59999999998
294.5	182295.5
294.6	182357.40000000002
294.7	182419.3
294.8	182481.2
294.9	182543.09999999998
295.0	182605.0
295.1	182666.90000000002
295.2	182728.8
295.3	182790.7
295.4	182852.59999999998
295.5	182914.5
295.6	182976.40000000002
295.7	183038.3
295.8	183100.2
295.9	183162.09999999998
296.0	183224.0
296.1	183285.90000000002
296.2	183347.8
296.3	183409.7
296.4	183471.59999999998
296.5	183533.5
296.6	183595.40000000002
296.7	183657.3
296.8	183719.2
296.9	183781.09999999998
297.0	183843.0
297.1	183904.90000000002
297.2	183966.8
297.3	184028.7
297.4	184090.59999999998
297.5	184152.5
297.6	184214.40000000002
297.7	184276.3
297.8	184338.2
297.9	184400.09999999998
298.0	184462.0
298.1	184523.90000000002
298.2	184585.8
298.3	184647.7
298.4	184709.59999999998
298.5	184771.5
298.6	184833.40000000002
298.7	184895.3
298.8	184957.2
298.9	185019.09999999998
299.0	185081.0
299.1	185142.90000000002
299.2	185204.8
299.3	185266.7
299.4	185328.59999999998
299.5	185390.5
299.6	185452.40000000002
299.7	185514.3
299.8	185576.2
299.9	185638.09999999998
