T [K]	C_m [J/m^3/K]
0.0	2190.939481268011
0.1	2190.939481268011
0.2	2190.939481268011
0.3	2190.939481268011
0.4	2190.939481268011
0.5	2190.939481268011
0.6	2190.939481268011
0.7	2190.939481268011
0.8	2190.939481268011
0.9	2190.939481268011
1.0	2190.939481268011
1.1	2190.939481268011
1.2	2190.939481268011
1.3	2190.939481268011
1.4	2190.939481268011
1.5	2190.939481268011
1.6	2190.939481268011
1.7	2190.939481268011
1.8	2190.939481268011
1.9	2190.939481268011
2.0	2190.939481268011
2.1	2190.939481268011
2.2	2190.939481268011
2.3	2190.939481268011
2.4	2190.939481268011
2.5	2190.939481268011
2.6	2190.939481268011
2.7	2190.939481268011
2.8	2190.939481268011
2.9	2190.939481268011
3.0	2190.939481268011
3.1	2190.939481268011
3.2	2190.939481268011
3.3	2190.939481268011
3.4	2190.939481268011
3.5	2190.939481268011
3.6	2190.939481268011
3.7	2190.939481268011
3.8	2190.939481268011
3.9	2190.939481268011
4.0	2190.939481268011
4.1	2190.939481268011
4.2	2190.939481268011
4.3	2190.939481268011
4.4	2190.939481268011
4.5	2190.939481268011
4.6	2190.939481268011
4.7	2190.939481268011
4.8	2190.939481268011
4.9	2190.939481268011
5.0	2190.939481268011
5.1	2190.939481268011
5.2	2190.939481268011
5.3	2190.939481268011
5.4	2190.939481268011
5.5	2190.939481268011
5.6	2190.939481268011
5.7	2190.939481268011
5.8	2190.939481268011
5.9	2190.939481268011
6.0	2190.939481268011
6.1	2190.939481268011
6.2	2190.939481268011
6.3	2190.939481268011
6.4	2190.939481268011
6.5	2190.939481268011
6.6	2190.939481268011
6.7	2190.939481268011
6.8	2190.939481268011
6.9	2190.939481268011
7.0	2190.939481268011
7.1	2190.939481268011
7.2	2190.939481268011
7.3	2190.939481268011
7.4	2190.939481268011
7.5	2190.939481268011
7.6	2190.939481268011
7.7	2190.939481268011
7.8	2190.939481268011
7.9	2190.939481268011
8.0	2190.939481268011
8.1	2190.939481268011
8.2	2190.939481268011
8.3	2190.939481268011
8.4	2190.939481268011
8.5	2190.939481268011
8.6	2190.939481268011
8.7	2190.939481268011
8.8	2190.939481268011
8.9	2190.939481268011
9.0	2190.939481268011
9.1	2190.939481268011
9.2	2190.939481268011
9.3	2190.939481268011
9.4	2190.939481268011
9.5	2190.939481268011
9.6	2190.939481268011
9.7	2190.939481268011
9.8	2190.939481268011
9.9	2190.939481268011
10.0	2190.939481268011
10.1	2190.939481268011
10.2	2190.939481268011
10.3	2190.939481268011
10.4	2190.939481268011
10.5	2190.939481268011
10.6	2190.939481268011
10.7	2190.939481268011
10.8	2190.939481268011
10.9	2190.939481268011
11.0	2190.939481268011
11.1	2190.939481268011
11.2	2190.939481268011
11.3	2190.939481268011
11.4	2190.939481268011
11.5	2190.939481268011
11.6	2190.939481268011
11.7	2190.939481268011
11.8	2190.939481268011
11.9	2190.939481268011
12.0	2190.939481268011
12.1	2190.939481268011
12.2	2190.939481268011
12.3	2190.939481268011
12.4	2190.939481268011
12.5	2190.939481268011
12.6	2190.939481268011
12.7	2190.939481268011
12.8	2190.939481268011
12.9	2190.939481268011
13.0	2190.939481268011
13.1	2190.939481268011
13.2	2190.939481268011
13.3	2190.939481268011
13.4	2190.939481268011
13.5	2190.939481268011
13.6	2190.939481268011
13.7	2190.939481268011
13.8	2190.939481268011
13.9	2190.939481268011
14.0	2190.939481268011
14.1	2190.939481268011
14.2	2190.939481268011
14.3	2190.939481268011
14.4	2190.939481268011
14.5	2190.939481268011
14.6	2190.939481268011
14.7	2190.939481268011
14.8	2190.939481268011
14.9	2190.939481268011
15.0	2190.939481268011
15.1	2190.939481268011
15.2	2190.939481268011
15.3	2190.939481268011
15.4	2190.939481268011
15.5	2190.939481268011
15.6	2190.939481268011
15.7	2190.939481268011
15.8	2190.939481268011
15.9	2190.939481268011
16.0	2190.939481268011
16.1	2190.939481268011
16.2	2190.939481268011
16.3	2190.939481268011
16.4	2190.939481268011
16.5	2190.939481268011
16.6	2190.939481268011
16.7	2190.939481268011
16.8	2190.939481268011
16.9	2190.939481268011
17.0	2190.939481268011
17.1	2190.939481268011
17.2	2190.939481268011
17.3	2190.939481268011
17.4	2190.939481268011
17.5	2190.939481268011
17.6	2190.939481268011
17.7	2190.939481268011
17.8	2190.939481268011
17.9	2190.939481268011
18.0	2190.939481268011
18.1	2190.939481268011
18.2	2190.939481268011
18.3	2190.939481268011
18.4	2190.939481268011
18.5	2190.939481268011
18.6	2190.939481268011
18.7	2190.939481268011
18.8	2190.939481268011
18.9	2190.939481268011
19.0	2190.939481268011
19.1	2190.939481268011
19.2	2190.939481268011
19.3	2190.939481268011
19.4	2190.939481268011
19.5	2190.939481268011
19.6	2190.939481268011
19.7	2190.939481268011
19.8	2190.939481268011
19.9	2190.939481268011
20.0	2190.939481268011
20.1	2190.939481268011
20.2	2190.939481268011
20.3	2190.939481268011
20.4	2190.939481268011
20.5	2190.939481268011
20.6	2190.939481268011
20.7	2190.939481268011
20.8	2190.939481268011
20.9	2190.939481268011
21.0	2190.939481268011
21.1	2190.939481268011
21.2	2190.939481268011
21.3	2190.939481268011
21.4	2190.939481268011
21.5	2190.939481268011
21.6	2190.939481268011
21.7	2190.939481268011
21.8	2190.939481268011
21.9	2190.939481268011
22.0	2190.939481268011
22.1	2190.939481268011
22.2	2190.939481268011
22.3	2190.939481268011
22.4	2190.939481268011
22.5	2190.939481268011
22.6	2190.939481268011
22.7	2190.939481268011
22.8	2190.939481268011
22.9	2190.939481268011
23.0	2190.939481268011
23.1	2190.939481268011
23.2	2190.939481268011
23.3	2190.939481268011
23.4	2190.939481268011
23.5	2190.939481268011
23.6	2190.939481268011
23.7	2190.939481268011
23.8	2190.939481268011
23.9	2190.939481268011
24.0	2190.939481268011
24.1	2190.939481268011
24.2	2190.939481268011
24.3	2190.939481268011
24.4	2190.939481268011
24.5	2190.939481268011
24.6	2190.939481268011
24.7	2190.939481268011
24.8	2190.939481268011
24.9	2190.939481268011
25.0	2190.939481268011
25.1	2190.939481268011
25.2	2190.939481268011
25.3	2190.939481268011
25.4	2190.939481268011
25.5	2190.939481268011
25.6	2190.939481268011
25.7	2190.939481268011
25.8	2190.939481268011
25.9	2190.939481268011
26.0	2190.939481268011
26.1	2190.939481268011
26.2	2190.939481268011
26.3	2190.939481268011
26.4	2190.939481268011
26.5	2190.939481268011
26.6	2190.939481268011
26.7	2190.939481268011
26.8	2190.939481268011
26.9	2190.939481268011
27.0	2190.939481268011
27.1	2190.939481268011
27.2	2190.939481268011
27.3	2190.939481268011
27.4	2190.939481268011
27.5	2190.939481268011
27.6	2190.939481268011
27.7	2190.939481268011
27.8	2190.939481268011
27.9	2190.939481268011
28.0	2190.939481268011
28.1	2190.939481268011
28.2	2190.939481268011
28.3	2190.939481268011
28.4	2190.939481268011
28.5	2190.939481268011
28.6	2190.939481268011
28.7	2190.939481268011
28.8	2190.939481268011
28.9	2190.939481268011
29.0	2190.939481268011
29.1	2190.939481268011
29.2	2190.939481268011
29.3	2190.939481268011
29.4	2190.939481268011
29.5	2190.939481268011
29.6	2190.939481268011
29.7	2190.939481268011
29.8	2190.939481268011
29.9	2190.939481268011
30.0	2190.939481268011
30.1	2190.939481268011
30.2	2190.939481268011
30.3	2190.939481268011
30.4	2190.939481268011
30.5	2190.939481268011
30.6	2190.939481268011
30.7	2190.939481268011
30.8	2190.939481268011
30.9	2190.939481268011
31.0	2190.939481268011
31.1	2190.939481268011
31.2	2190.939481268011
31.3	2190.939481268011
31.4	2190.939481268011
31.5	2190.939481268011
31.6	2190.939481268011
31.7	2190.939481268011
31.8	2190.939481268011
31.9	2190.939481268011
32.0	2190.939481268011
32.1	2190.939481268011
32.2	2190.939481268011
32.3	2190.939481268011
32.4	2190.939481268011
32.5	2190.939481268011
32.6	2190.939481268011
32.7	2190.939481268011
32.8	2190.939481268011
32.9	2190.939481268011
33.0	2190.939481268011
33.1	2190.939481268011
33.2	2190.939481268011
33.3	2190.939481268011
33.4	2190.939481268011
33.5	2190.939481268011
33.6	2190.939481268011
33.7	2190.939481268011
33.8	2190.939481268011
33.9	2190.939481268011
34.0	2190.939481268011
34.1	2190.939481268011
34.2	2190.939481268011
34.3	2190.939481268011
34.4	2190.939481268011
34.5	2190.939481268011
34.6	2190.939481268011
34.7	2190.939481268011
34.8	2190.939481268011
34.9	2190.939481268011
35.0	2190.939481268011
35.1	2190.939481268011
35.2	2190.939481268011
35.3	2190.939481268011
35.4	2190.939481268011
35.5	2190.939481268011
35.6	2190.939481268011
35.7	2190.939481268011
35.8	2190.939481268011
35.9	2190.939481268011
36.0	2190.939481268011
36.1	2190.939481268011
36.2	2190.939481268011
36.3	2190.939481268011
36.4	2190.939481268011
36.5	2190.939481268011
36.6	2190.939481268011
36.7	2190.939481268011
36.8	2190.939481268011
36.9	2190.939481268011
37.0	2190.939481268011
37.1	2190.939481268011
37.2	2190.939481268011
37.3	2190.939481268011
37.4	2190.939481268011
37.5	2190.939481268011
37.6	2190.939481268011
37.7	2190.939481268011
37.8	2190.939481268011
37.9	2190.939481268011
38.0	2190.939481268011
38.1	2190.939481268011
38.2	2190.939481268011
38.3	2190.939481268011
38.4	2190.939481268011
38.5	2190.939481268011
38.6	2190.939481268011
38.7	2190.939481268011
38.8	2190.939481268011
38.9	2190.939481268011
39.0	2190.939481268011
39.1	2190.939481268011
39.2	2190.939481268011
39.3	2190.939481268011
39.4	2190.939481268011
39.5	2190.939481268011
39.6	2190.939481268011
39.7	2190.939481268011
39.8	2190.939481268011
39.9	2190.939481268011
40.0	2190.939481268011
40.1	2190.939481268011
40.2	2190.939481268011
40.3	2190.939481268011
40.4	2190.939481268011
40.5	2190.939481268011
40.6	2190.939481268011
40.7	2190.939481268011
40.8	2190.939481268011
40.9	2190.939481268011
41.0	2190.939481268011
41.1	2190.939481268011
41.2	2190.939481268011
41.3	2190.939481268011
41.4	2190.939481268011
41.5	2190.939481268011
41.6	2190.939481268011
41.7	2190.939481268011
41.8	2190.939481268011
41.9	2190.939481268011
42.0	2190.939481268011
42.1	2190.939481268011
42.2	2190.939481268011
42.3	2190.939481268011
42.4	2190.939481268011
42.5	2190.939481268011
42.6	2190.939481268011
42.7	2190.939481268011
42.8	2190.939481268011
42.9	2190.939481268011
43.0	2190.939481268011
43.1	2190.939481268011
43.2	2190.939481268011
43.3	2190.939481268011
43.4	2190.939481268011
43.5	2190.939481268011
43.6	2190.939481268011
43.7	2190.939481268011
43.8	2190.939481268011
43.9	2190.939481268011
44.0	2190.939481268011
44.1	2190.939481268011
44.2	2190.939481268011
44.3	2190.939481268011
44.4	2190.939481268011
44.5	2190.939481268011
44.6	2190.939481268011
44.7	2190.939481268011
44.8	2190.939481268011
44.9	2190.939481268011
45.0	2190.939481268011
45.1	2190.939481268011
45.2	2190.939481268011
45.3	2190.939481268011
45.4	2190.939481268011
45.5	2190.939481268011
45.6	2190.939481268011
45.7	2190.939481268011
45.8	2190.939481268011
45.9	2190.939481268011
46.0	2190.939481268011
46.1	2190.939481268011
46.2	2190.939481268011
46.3	2190.939481268011
46.4	2190.939481268011
46.5	2190.939481268011
46.6	2190.939481268011
46.7	2190.939481268011
46.8	2190.939481268011
46.9	2190.939481268011
47.0	2190.939481268011
47.1	2190.939481268011
47.2	2190.939481268011
47.3	2190.939481268011
47.4	2190.939481268011
47.5	2190.939481268011
47.6	2190.939481268011
47.7	2190.939481268011
47.8	2190.939481268011
47.9	2190.939481268011
48.0	2190.939481268011
48.1	2190.939481268011
48.2	2190.939481268011
48.3	2190.939481268011
48.4	2190.939481268011
48.5	2190.939481268011
48.6	2190.939481268011
48.7	2190.939481268011
48.8	2190.939481268011
48.9	2190.939481268011
49.0	2190.939481268011
49.1	2190.939481268011
49.2	2190.939481268011
49.3	2190.939481268011
49.4	2190.939481268011
49.5	2190.939481268011
49.6	2190.939481268011
49.7	2190.939481268011
49.8	2190.939481268011
49.9	2190.939481268011
50.0	2190.939481268011
50.1	2190.939481268011
50.2	2190.939481268011
50.3	2190.939481268011
50.4	2190.939481268011
50.5	2190.939481268011
50.6	2190.939481268011
50.7	2190.939481268011
50.8	2190.939481268011
50.9	2190.939481268011
51.0	2190.939481268011
51.1	2190.939481268011
51.2	2190.939481268011
51.3	2190.939481268011
51.4	2190.939481268011
51.5	2190.939481268011
51.6	2190.939481268011
51.7	2190.939481268011
51.8	2190.939481268011
51.9	2190.939481268011
52.0	2190.939481268011
52.1	2190.939481268011
52.2	2190.939481268011
52.3	2190.939481268011
52.4	2190.939481268011
52.5	2190.939481268011
52.6	2190.939481268011
52.7	2190.939481268011
52.8	2190.939481268011
52.9	2190.939481268011
53.0	2190.939481268011
53.1	2190.939481268011
53.2	2190.939481268011
53.3	2190.939481268011
53.4	2660.4265129683045
53.5	2660.4265129683045
53.6	2660.4265129683045
53.7	2660.4265129683045
53.8	2660.4265129683045
53.9	2660.4265129683045
54.0	2660.4265129683045
54.1	3755.8962536023173
54.2	3755.8962536023173
54.3	3755.8962536023173
54.4	3755.8962536023173
54.5	3755.8962536023173
54.6	3755.8962536023173
54.7	3755.8962536023173
54.8	5007.861671469742
54.9	5007.861671469742
55.0	5007.861671469742
55.1	5007.861671469742
55.2	5007.861671469742
55.3	5007.861671469742
55.4	6103.331412103755
55.5	6103.331412103755
55.6	6103.331412103755
55.7	6103.331412103755
55.8	6103.331412103755
55.9	6885.8097982709005
56.0	6885.8097982709005
56.1	6885.8097982709005
56.2	6885.8097982709005
56.3	7668.288184438046
56.4	7668.288184438046
56.5	7668.288184438046
56.6	7668.288184438046
56.7	8607.262247838618
56.8	8607.262247838618
56.9	8607.262247838618
57.0	8607.262247838618
57.1	8607.262247838618
57.2	8607.262247838618
57.3	9859.227665706057
57.4	9859.227665706057
57.5	9859.227665706057
57.6	9859.227665706057
57.7	10641.706051873203
57.8	10641.706051873203
57.9	10641.706051873203
58.0	10641.706051873203
58.1	10641.706051873203
58.2	11580.68011527379
58.3	11580.68011527379
58.4	11580.68011527379
58.5	12519.654178674362
58.6	12519.654178674362
58.7	12519.654178674362
58.8	12519.654178674362
58.9	12519.654178674362
59.0	12519.654178674362
59.1	12519.654178674362
59.2	14241.10662824208
59.3	14241.10662824208
59.4	14241.10662824208
59.5	14241.10662824208
59.6	14241.10662824208
59.7	14241.10662824208
59.8	14241.10662824208
59.9	15806.063400576371
60.0	15806.063400576371
60.1	15806.063400576371
60.2	15806.063400576371
60.3	15806.063400576371
60.4	15806.063400576371
60.5	17684.01152737753
60.6	17684.01152737753
60.7	17684.01152737753
60.8	17684.01152737753
60.9	19248.96829971182
61.0	19248.96829971182
61.1	19248.96829971182
61.2	19248.96829971182
61.3	19248.96829971182
61.4	20813.925072046113
61.5	20813.925072046113
61.6	20813.925072046113
61.7	20813.925072046113
61.8	22065.890489913552
61.9	22065.890489913552
62.0	22065.890489913552
62.1	22065.890489913552
62.2	22065.890489913552
62.3	23630.84726224783
62.4	23630.84726224783
62.5	23630.84726224783
62.6	23630.84726224783
62.7	23630.84726224783
62.8	25039.308357348695
62.9	25039.308357348695
63.0	25039.308357348695
63.1	25039.308357348695
63.2	26760.760806916427
63.3	26760.760806916427
63.4	26760.760806916427
63.5	26760.760806916427
63.6	26760.760806916427
63.7	27543.239193083573
63.8	27543.239193083573
63.9	27543.239193083573
64.0	27543.239193083573
64.1	27543.239193083573
64.2	29108.195965417864
64.3	29108.195965417864
64.4	29108.195965417864
64.5	30986.14409221901
64.6	30986.14409221901
64.7	30986.14409221901
64.8	30986.14409221901
64.9	30986.14409221901
65.0	33177.083573487034
65.1	33177.083573487034
65.2	33177.083573487034
65.3	33177.083573487034
65.4	33177.083573487034
65.5	35524.51873198847
65.6	35524.51873198847
65.7	35524.51873198847
65.8	35524.51873198847
65.9	35524.51873198847
66.0	37558.96253602306
66.1	37558.96253602306
66.2	37558.96253602306
66.3	37558.96253602306
66.4	37558.96253602306
66.5	40375.88472622479
66.6	40375.88472622479
66.7	40375.88472622479
66.8	40375.88472622479
66.9	40375.88472622479
67.0	40375.88472622479
67.1	43662.2939481268
67.2	43662.2939481268
67.3	43662.2939481268
67.4	43662.2939481268
67.5	46009.729106628234
67.6	46009.729106628234
67.7	46009.729106628234
67.8	46009.729106628234
67.9	48200.668587896245
68.0	48200.668587896245
68.1	48200.668587896245
68.2	48200.668587896245
68.3	48200.668587896245
68.4	50861.09510086455
68.5	50861.09510086455
68.6	50861.09510086455
68.7	53834.51296829971
68.8	53834.51296829971
68.9	53834.51296829971
69.0	56181.948126801144
69.1	56181.948126801144
69.2	56181.948126801144
69.3	58842.37463976944
69.4	58842.37463976944
69.5	58842.37463976944
69.6	58842.37463976944
69.7	61502.801152737746
69.8	61502.801152737746
69.9	64632.714697406336
70.0	64632.714697406336
70.1	64632.714697406336
70.2	67449.63688760807
70.3	67449.63688760807
70.4	67449.63688760807
70.5	70110.06340057636
70.6	70110.06340057636
70.7	72926.98559077809
70.8	72926.98559077809
70.9	75587.41210374638
71.0	75587.41210374638
71.1	77934.84726224783
71.2	77934.84726224783
71.3	80282.28242074927
71.4	80282.28242074927
71.5	83568.69164265128
71.6	83568.69164265128
71.7	87011.59654178674
71.8	89985.01440922188
71.9	89985.01440922188
72.0	93271.42363112391
72.1	93271.42363112391
72.2	96244.84149855906
72.3	96244.84149855906
72.4	99531.25072046107
72.5	99531.25072046107
72.6	102817.6599423631
72.7	102817.6599423631
72.8	106260.56484149855
72.9	106260.56484149855
73.0	102661.16426512967
73.1	99374.75504322765
73.2	96401.33717579249
73.3	92645.44092219019
73.4	89515.5273775216
73.5	85916.12680115273
73.6	79343.3083573487
73.7	76369.89048991352
73.8	74022.4553314121
73.9	70736.04610951009
74.0	64163.22766570604
74.1	61502.801152737746
74.2	58529.383285302596
74.3	55555.965417867425
74.4	50391.60806916426
74.5	47418.1902017291
74.6	44914.259365994236
74.7	40375.88472622479
74.8	37558.96253602306
74.9	34898.53602305475
75.0	32394.605187319874
75.1	32394.605187319874
75.2	30203.665706051863
75.3	30203.665706051863
75.4	30203.665706051863
75.5	27386.743515850132
75.6	27386.743515850132
75.7	27386.743515850132
75.8	25195.80403458212
75.9	25195.80403458212
76.0	23004.86455331411
76.1	23004.86455331411
76.2	23004.86455331411
76.3	20500.93371757926
76.4	20500.93371757926
76.5	20500.93371757926
76.6	17684.01152737753
76.7	17684.01152737753
76.8	17684.01152737753
76.9	17684.01152737753
77.0	15336.576368876093
77.1	15336.576368876093
77.2	15336.576368876093
77.3	15336.576368876093
77.4	15336.576368876093
77.5	15336.576368876093
77.6	13302.132564841508
77.7	13302.132564841508
77.8	13302.132564841508
77.9	13302.132564841508
78.0	13302.132564841508
78.1	10954.69740634007
78.2	10954.69740634007
78.3	10954.69740634007
78.4	10954.69740634007
78.5	10954.69740634007
78.6	9233.244956772338
78.7	9233.244956772338
78.8	9233.244956772338
78.9	9233.244956772338
79.0	9233.244956772338
79.1	7511.79250720462
79.2	7511.79250720462
79.3	7511.79250720462
79.4	7511.79250720462
79.5	7511.79250720462
79.6	7511.79250720462
79.7	6416.322766570607
79.8	6416.322766570607
79.9	6416.322766570607
80.0	6416.322766570607
80.1	6416.322766570607
80.2	5477.348703170035
80.3	5477.348703170035
80.4	5477.348703170035
80.5	5477.348703170035
80.6	5477.348703170035
80.7	5477.348703170035
80.8	4225.383285302596
80.9	4225.383285302596
81.0	4225.383285302596
81.1	4225.383285302596
81.2	4225.383285302596
81.3	4225.383285302596
81.4	3129.9135446685978
81.5	3129.9135446685978
81.6	3129.9135446685978
81.7	3129.9135446685978
81.8	1877.9481268011587
81.9	1877.9481268011587
82.0	1877.9481268011587
82.1	1877.9481268011587
82.2	1877.9481268011587
82.3	1721.4524495677324
82.4	1721.4524495677324
82.5	1721.4524495677324
82.6	1721.4524495677324
82.7	1721.4524495677324
82.8	1721.4524495677324
82.9	1721.4524495677324
83.0	1721.4524495677324
83.1	1721.4524495677324
83.2	1721.4524495677324
83.3	1721.4524495677324
83.4	1721.4524495677324
83.5	1721.4524495677324
83.6	1721.4524495677324
83.7	1721.4524495677324
83.8	1721.4524495677324
83.9	1721.4524495677324
84.0	1721.4524495677324
84.1	1721.4524495677324
84.2	1721.4524495677324
84.3	1721.4524495677324
84.4	1721.4524495677324
84.5	1721.4524495677324
84.6	1721.4524495677324
84.7	1721.4524495677324
84.8	1721.4524495677324
84.9	1721.4524495677324
85.0	1721.4524495677324
85.1	1721.4524495677324
85.2	1721.4524495677324
85.3	1721.4524495677324
85.4	1721.4524495677324
85.5	1721.4524495677324
85.6	1721.4524495677324
85.7	1721.4524495677324
85.8	1721.4524495677324
85.9	1721.4524495677324
86.0	1721.4524495677324
86.1	1721.4524495677324
86.2	1721.4524495677324
86.3	1721.4524495677324
86.4	1721.4524495677324
86.5	1721.4524495677324
86.6	1721.4524495677324
86.7	1721.4524495677324
86.8	1721.4524495677324
86.9	1721.4524495677324
87.0	1721.4524495677324
87.1	1721.4524495677324
87.2	1721.4524495677324
87.3	1721.4524495677324
87.4	1721.4524495677324
87.5	1721.4524495677324
87.6	1721.4524495677324
87.7	1721.4524495677324
87.8	1721.4524495677324
87.9	1721.4524495677324
88.0	1721.4524495677324
88.1	1721.4524495677324
88.2	1721.4524495677324
88.3	1721.4524495677324
88.4	1721.4524495677324
88.5	1721.4524495677324
88.6	1721.4524495677324
88.7	1721.4524495677324
88.8	1721.4524495677324
88.9	1721.4524495677324
89.0	1721.4524495677324
89.1	1721.4524495677324
89.2	1721.4524495677324
89.3	1721.4524495677324
89.4	1721.4524495677324
89.5	1721.4524495677324
89.6	1721.4524495677324
89.7	1721.4524495677324
89.8	1721.4524495677324
89.9	1721.4524495677324
90.0	1721.4524495677324
90.1	1721.4524495677324
90.2	1721.4524495677324
90.3	1721.4524495677324
90.4	1721.4524495677324
90.5	1721.4524495677324
90.6	1721.4524495677324
90.7	1721.4524495677324
90.8	1721.4524495677324
90.9	1721.4524495677324
91.0	1721.4524495677324
91.1	1721.4524495677324
91.2	1721.4524495677324
91.3	1721.4524495677324
91.4	1721.4524495677324
91.5	1721.4524495677324
91.6	1721.4524495677324
91.7	1721.4524495677324
91.8	1721.4524495677324
91.9	1721.4524495677324
92.0	1721.4524495677324
92.1	1721.4524495677324
92.2	1721.4524495677324
92.3	1721.4524495677324
92.4	1721.4524495677324
92.5	1721.4524495677324
92.6	1721.4524495677324
92.7	1721.4524495677324
92.8	1721.4524495677324
92.9	1721.4524495677324
93.0	1721.4524495677324
93.1	1721.4524495677324
93.2	1721.4524495677324
93.3	1721.4524495677324
93.4	1721.4524495677324
93.5	1721.4524495677324
93.6	1721.4524495677324
93.7	1721.4524495677324
93.8	1721.4524495677324
93.9	1721.4524495677324
94.0	1721.4524495677324
94.1	1721.4524495677324
94.2	1721.4524495677324
94.3	1721.4524495677324
94.4	1721.4524495677324
94.5	1721.4524495677324
94.6	1721.4524495677324
94.7	1721.4524495677324
94.8	1721.4524495677324
94.9	1721.4524495677324
95.0	1721.4524495677324
95.1	1721.4524495677324
95.2	1721.4524495677324
95.3	1721.4524495677324
95.4	1721.4524495677324
95.5	1721.4524495677324
95.6	1721.4524495677324
95.7	1721.4524495677324
95.8	1721.4524495677324
95.9	1721.4524495677324
96.0	1721.4524495677324
96.1	1721.4524495677324
96.2	1721.4524495677324
96.3	1721.4524495677324
96.4	1721.4524495677324
96.5	1721.4524495677324
96.6	1721.4524495677324
96.7	1721.4524495677324
96.8	1721.4524495677324
96.9	1721.4524495677324
97.0	1721.4524495677324
97.1	1721.4524495677324
97.2	1721.4524495677324
97.3	1721.4524495677324
97.4	1721.4524495677324
97.5	1721.4524495677324
97.6	1721.4524495677324
97.7	1721.4524495677324
97.8	1721.4524495677324
97.9	1721.4524495677324
98.0	1721.4524495677324
98.1	1721.4524495677324
98.2	1721.4524495677324
98.3	1721.4524495677324
98.4	1721.4524495677324
98.5	1721.4524495677324
98.6	1721.4524495677324
98.7	1721.4524495677324
98.8	1721.4524495677324
98.9	1721.4524495677324
99.0	1721.4524495677324
99.1	1721.4524495677324
99.2	1721.4524495677324
99.3	1721.4524495677324
99.4	1721.4524495677324
99.5	1721.4524495677324
99.6	1721.4524495677324
99.7	1721.4524495677324
99.8	1721.4524495677324
99.9	1721.4524495677324
100.0	1721.4524495677324
100.1	1721.4524495677324
100.2	1721.4524495677324
100.3	1721.4524495677324
100.4	1721.4524495677324
100.5	1721.4524495677324
100.6	1721.4524495677324
100.7	1721.4524495677324
100.8	1721.4524495677324
100.9	1721.4524495677324
101.0	1721.4524495677324
101.1	1721.4524495677324
101.2	1721.4524495677324
101.3	1721.4524495677324
101.4	1721.4524495677324
101.5	1721.4524495677324
101.6	1721.4524495677324
101.7	1721.4524495677324
101.8	1721.4524495677324
101.9	1721.4524495677324
102.0	1721.4524495677324
102.1	1721.4524495677324
102.2	1721.4524495677324
102.3	1721.4524495677324
102.4	1721.4524495677324
102.5	1721.4524495677324
102.6	1721.4524495677324
102.7	1721.4524495677324
102.8	1721.4524495677324
102.9	1721.4524495677324
103.0	1721.4524495677324
103.1	1721.4524495677324
103.2	1721.4524495677324
103.3	1721.4524495677324
103.4	1721.4524495677324
103.5	1721.4524495677324
103.6	1721.4524495677324
103.7	1721.4524495677324
103.8	1721.4524495677324
103.9	1721.4524495677324
104.0	1721.4524495677324
104.1	1721.4524495677324
104.2	1721.4524495677324
104.3	1721.4524495677324
104.4	1721.4524495677324
104.5	1721.4524495677324
104.6	1721.4524495677324
104.7	1721.4524495677324
104.8	1721.4524495677324
104.9	1721.4524495677324
105.0	1721.4524495677324
105.1	1721.4524495677324
105.2	1721.4524495677324
105.3	1721.4524495677324
105.4	1721.4524495677324
105.5	1721.4524495677324
105.6	1721.4524495677324
105.7	1721.4524495677324
105.8	1721.4524495677324
105.9	1721.4524495677324
106.0	1721.4524495677324
106.1	1721.4524495677324
106.2	1721.4524495677324
106.3	1721.4524495677324
106.4	1721.4524495677324
106.5	1721.4524495677324
106.6	1721.4524495677324
106.7	1721.4524495677324
106.8	1721.4524495677324
106.9	1721.4524495677324
107.0	1721.4524495677324
107.1	1721.4524495677324
107.2	1721.4524495677324
107.3	1721.4524495677324
107.4	1721.4524495677324
107.5	1721.4524495677324
107.6	1721.4524495677324
107.7	1721.4524495677324
107.8	1721.4524495677324
107.9	1721.4524495677324
108.0	1721.4524495677324
108.1	1721.4524495677324
108.2	1721.4524495677324
108.3	1721.4524495677324
108.4	1721.4524495677324
108.5	1721.4524495677324
108.6	1721.4524495677324
108.7	1721.4524495677324
108.8	1721.4524495677324
108.9	1721.4524495677324
109.0	1721.4524495677324
109.1	1721.4524495677324
109.2	1721.4524495677324
109.3	1721.4524495677324
109.4	1721.4524495677324
109.5	1721.4524495677324
109.6	1721.4524495677324
109.7	1721.4524495677324
109.8	1721.4524495677324
109.9	1721.4524495677324
110.0	1721.4524495677324
110.1	1721.4524495677324
110.2	1721.4524495677324
110.3	1721.4524495677324
110.4	1721.4524495677324
110.5	1721.4524495677324
110.6	1721.4524495677324
110.7	1721.4524495677324
110.8	1721.4524495677324
110.9	1721.4524495677324
111.0	1721.4524495677324
111.1	1721.4524495677324
111.2	1721.4524495677324
111.3	1721.4524495677324
111.4	1721.4524495677324
111.5	1721.4524495677324
111.6	1721.4524495677324
111.7	1721.4524495677324
111.8	1721.4524495677324
111.9	1721.4524495677324
112.0	1721.4524495677324
112.1	1721.4524495677324
112.2	1721.4524495677324
112.3	1721.4524495677324
112.4	1721.4524495677324
112.5	1721.4524495677324
112.6	1721.4524495677324
112.7	1721.4524495677324
112.8	1721.4524495677324
112.9	1721.4524495677324
113.0	1721.4524495677324
113.1	1721.4524495677324
113.2	1721.4524495677324
113.3	1721.4524495677324
113.4	1721.4524495677324
113.5	1721.4524495677324
113.6	1721.4524495677324
113.7	1721.4524495677324
113.8	1721.4524495677324
113.9	1721.4524495677324
114.0	1721.4524495677324
114.1	1721.4524495677324
114.2	1721.4524495677324
114.3	1721.4524495677324
114.4	1721.4524495677324
114.5	1721.4524495677324
114.6	1721.4524495677324
114.7	1721.4524495677324
114.8	1721.4524495677324
114.9	1721.4524495677324
115.0	1721.4524495677324
115.1	1721.4524495677324
115.2	1721.4524495677324
115.3	1721.4524495677324
115.4	1721.4524495677324
115.5	1721.4524495677324
115.6	1721.4524495677324
115.7	1721.4524495677324
115.8	1721.4524495677324
115.9	1721.4524495677324
116.0	1721.4524495677324
116.1	1721.4524495677324
116.2	1721.4524495677324
116.3	1721.4524495677324
116.4	1721.4524495677324
116.5	1721.4524495677324
116.6	1721.4524495677324
116.7	1721.4524495677324
116.8	1721.4524495677324
116.9	1721.4524495677324
117.0	1721.4524495677324
117.1	1721.4524495677324
117.2	1721.4524495677324
117.3	1721.4524495677324
117.4	1721.4524495677324
117.5	1721.4524495677324
117.6	1721.4524495677324
117.7	1721.4524495677324
117.8	1721.4524495677324
117.9	1721.4524495677324
118.0	1721.4524495677324
118.1	1721.4524495677324
118.2	1721.4524495677324
118.3	1721.4524495677324
118.4	1721.4524495677324
118.5	1721.4524495677324
118.6	1721.4524495677324
118.7	1721.4524495677324
118.8	1721.4524495677324
118.9	1721.4524495677324
119.0	1721.4524495677324
119.1	1721.4524495677324
119.2	1721.4524495677324
119.3	1721.4524495677324
119.4	1721.4524495677324
119.5	1721.4524495677324
119.6	1721.4524495677324
119.7	1721.4524495677324
119.8	1721.4524495677324
119.9	1721.4524495677324
120.0	1721.4524495677324
120.1	1721.4524495677324
120.2	1721.4524495677324
120.3	1721.4524495677324
120.4	1721.4524495677324
120.5	1721.4524495677324
120.6	1721.4524495677324
120.7	1721.4524495677324
120.8	1721.4524495677324
120.9	1721.4524495677324
121.0	1721.4524495677324
121.1	1721.4524495677324
121.2	1721.4524495677324
121.3	1721.4524495677324
121.4	1721.4524495677324
121.5	1721.4524495677324
121.6	1721.4524495677324
121.7	1721.4524495677324
121.8	1721.4524495677324
121.9	1721.4524495677324
122.0	1721.4524495677324
122.1	1721.4524495677324
122.2	1721.4524495677324
122.3	1721.4524495677324
122.4	1721.4524495677324
122.5	1721.4524495677324
122.6	1721.4524495677324
122.7	1721.4524495677324
122.8	1721.4524495677324
122.9	1721.4524495677324
123.0	1721.4524495677324
123.1	1721.4524495677324
123.2	1721.4524495677324
123.3	1721.4524495677324
123.4	1721.4524495677324
123.5	1721.4524495677324
123.6	1721.4524495677324
123.7	1721.4524495677324
123.8	1721.4524495677324
123.9	1721.4524495677324
124.0	1721.4524495677324
124.1	1721.4524495677324
124.2	1721.4524495677324
124.3	1721.4524495677324
124.4	1721.4524495677324
124.5	1721.4524495677324
124.6	1721.4524495677324
124.7	1721.4524495677324
124.8	1721.4524495677324
124.9	1721.4524495677324
125.0	1721.4524495677324
125.1	1721.4524495677324
125.2	1721.4524495677324
125.3	1721.4524495677324
125.4	1721.4524495677324
125.5	1721.4524495677324
125.6	1721.4524495677324
125.7	1721.4524495677324
125.8	1721.4524495677324
125.9	1721.4524495677324
126.0	1721.4524495677324
126.1	1721.4524495677324
126.2	1721.4524495677324
126.3	1721.4524495677324
126.4	1721.4524495677324
126.5	1721.4524495677324
126.6	1721.4524495677324
126.7	1721.4524495677324
126.8	1721.4524495677324
126.9	1721.4524495677324
127.0	1721.4524495677324
127.1	1721.4524495677324
127.2	1721.4524495677324
127.3	1721.4524495677324
127.4	1721.4524495677324
127.5	1721.4524495677324
127.6	1721.4524495677324
127.7	1721.4524495677324
127.8	1721.4524495677324
127.9	1721.4524495677324
128.0	1721.4524495677324
128.1	1721.4524495677324
128.2	1721.4524495677324
128.3	1721.4524495677324
128.4	1721.4524495677324
128.5	1721.4524495677324
128.6	1721.4524495677324
128.7	1721.4524495677324
128.8	1721.4524495677324
128.9	1721.4524495677324
129.0	1721.4524495677324
129.1	1721.4524495677324
129.2	1721.4524495677324
129.3	1721.4524495677324
129.4	1721.4524495677324
129.5	1721.4524495677324
129.6	1721.4524495677324
129.7	1721.4524495677324
129.8	1721.4524495677324
129.9	1721.4524495677324
130.0	1721.4524495677324
130.1	1721.4524495677324
130.2	1721.4524495677324
130.3	1721.4524495677324
130.4	1721.4524495677324
130.5	1721.4524495677324
130.6	1721.4524495677324
130.7	1721.4524495677324
130.8	1721.4524495677324
130.9	1721.4524495677324
131.0	1721.4524495677324
131.1	1721.4524495677324
131.2	1721.4524495677324
131.3	1721.4524495677324
131.4	1721.4524495677324
131.5	1721.4524495677324
131.6	1721.4524495677324
131.7	1721.4524495677324
131.8	1721.4524495677324
131.9	1721.4524495677324
132.0	1721.4524495677324
132.1	1721.4524495677324
132.2	1721.4524495677324
132.3	1721.4524495677324
132.4	1721.4524495677324
132.5	1721.4524495677324
132.6	1721.4524495677324
132.7	1721.4524495677324
132.8	1721.4524495677324
132.9	1721.4524495677324
133.0	1721.4524495677324
133.1	1721.4524495677324
133.2	1721.4524495677324
133.3	1721.4524495677324
133.4	1721.4524495677324
133.5	1721.4524495677324
133.6	1721.4524495677324
133.7	1721.4524495677324
133.8	1721.4524495677324
133.9	1721.4524495677324
134.0	1721.4524495677324
134.1	1721.4524495677324
134.2	1721.4524495677324
134.3	1721.4524495677324
134.4	1721.4524495677324
134.5	1721.4524495677324
134.6	1721.4524495677324
134.7	1721.4524495677324
134.8	1721.4524495677324
134.9	1721.4524495677324
135.0	1721.4524495677324
135.1	1721.4524495677324
135.2	1721.4524495677324
135.3	1721.4524495677324
135.4	1721.4524495677324
135.5	1721.4524495677324
135.6	1721.4524495677324
135.7	1721.4524495677324
135.8	1721.4524495677324
135.9	1721.4524495677324
136.0	1721.4524495677324
136.1	1721.4524495677324
136.2	1721.4524495677324
136.3	1721.4524495677324
136.4	1721.4524495677324
136.5	1721.4524495677324
136.6	1721.4524495677324
136.7	1721.4524495677324
136.8	1721.4524495677324
136.9	1721.4524495677324
137.0	1721.4524495677324
137.1	1721.4524495677324
137.2	1721.4524495677324
137.3	1721.4524495677324
137.4	1721.4524495677324
137.5	1721.4524495677324
137.6	1721.4524495677324
137.7	1721.4524495677324
137.8	1721.4524495677324
137.9	1721.4524495677324
138.0	1721.4524495677324
138.1	1721.4524495677324
138.2	1721.4524495677324
138.3	1721.4524495677324
138.4	1721.4524495677324
138.5	1721.4524495677324
138.6	1721.4524495677324
138.7	1721.4524495677324
138.8	1721.4524495677324
138.9	1721.4524495677324
139.0	1721.4524495677324
139.1	1721.4524495677324
139.2	1721.4524495677324
139.3	1721.4524495677324
139.4	1721.4524495677324
139.5	1721.4524495677324
139.6	1721.4524495677324
139.7	1721.4524495677324
139.8	1721.4524495677324
139.9	1721.4524495677324
140.0	1721.4524495677324
140.1	1721.4524495677324
140.2	1721.4524495677324
140.3	1721.4524495677324
140.4	1721.4524495677324
140.5	1721.4524495677324
140.6	1721.4524495677324
140.7	1721.4524495677324
140.8	1721.4524495677324
140.9	1721.4524495677324
141.0	1721.4524495677324
141.1	1721.4524495677324
141.2	1721.4524495677324
141.3	1721.4524495677324
141.4	1721.4524495677324
141.5	1721.4524495677324
141.6	1721.4524495677324
141.7	1721.4524495677324
141.8	1721.4524495677324
141.9	1721.4524495677324
142.0	1721.4524495677324
142.1	1721.4524495677324
142.2	1721.4524495677324
142.3	1721.4524495677324
142.4	1721.4524495677324
142.5	1721.4524495677324
142.6	1721.4524495677324
142.7	1721.4524495677324
142.8	1721.4524495677324
142.9	1721.4524495677324
143.0	1721.4524495677324
143.1	1721.4524495677324
143.2	1721.4524495677324
143.3	1721.4524495677324
143.4	1721.4524495677324
143.5	1721.4524495677324
143.6	1721.4524495677324
143.7	1721.4524495677324
143.8	1721.4524495677324
143.9	1721.4524495677324
144.0	1721.4524495677324
144.1	1721.4524495677324
144.2	1721.4524495677324
144.3	1721.4524495677324
144.4	1721.4524495677324
144.5	1721.4524495677324
144.6	1721.4524495677324
144.7	1721.4524495677324
144.8	1721.4524495677324
144.9	1721.4524495677324
145.0	1721.4524495677324
145.1	1721.4524495677324
145.2	1721.4524495677324
145.3	1721.4524495677324
145.4	1721.4524495677324
145.5	1721.4524495677324
145.6	1721.4524495677324
145.7	1721.4524495677324
145.8	1721.4524495677324
145.9	1721.4524495677324
146.0	1721.4524495677324
146.1	1721.4524495677324
146.2	1721.4524495677324
146.3	1721.4524495677324
146.4	1721.4524495677324
146.5	1721.4524495677324
146.6	1721.4524495677324
146.7	1721.4524495677324
146.8	1721.4524495677324
146.9	1721.4524495677324
147.0	1721.4524495677324
147.1	1721.4524495677324
147.2	1721.4524495677324
147.3	1721.4524495677324
147.4	1721.4524495677324
147.5	1721.4524495677324
147.6	1721.4524495677324
147.7	1721.4524495677324
147.8	1721.4524495677324
147.9	1721.4524495677324
148.0	1721.4524495677324
148.1	1721.4524495677324
148.2	1721.4524495677324
148.3	1721.4524495677324
148.4	1721.4524495677324
148.5	1721.4524495677324
148.6	1721.4524495677324
148.7	1721.4524495677324
148.8	1721.4524495677324
148.9	1721.4524495677324
149.0	1721.4524495677324
149.1	1721.4524495677324
149.2	1721.4524495677324
149.3	1721.4524495677324
149.4	1721.4524495677324
149.5	1721.4524495677324
149.6	1721.4524495677324
149.7	1721.4524495677324
149.8	1721.4524495677324
149.9	1721.4524495677324
150.0	1721.4524495677324
150.1	1721.4524495677324
150.2	1721.4524495677324
150.3	1721.4524495677324
150.4	1721.4524495677324
150.5	1721.4524495677324
150.6	1721.4524495677324
150.7	1721.4524495677324
150.8	1721.4524495677324
150.9	1721.4524495677324
151.0	1721.4524495677324
151.1	1721.4524495677324
151.2	1721.4524495677324
151.3	1721.4524495677324
151.4	1721.4524495677324
151.5	1721.4524495677324
151.6	1721.4524495677324
151.7	1721.4524495677324
151.8	1721.4524495677324
151.9	1721.4524495677324
152.0	1721.4524495677324
152.1	1721.4524495677324
152.2	1721.4524495677324
152.3	1721.4524495677324
152.4	1721.4524495677324
152.5	1721.4524495677324
152.6	1721.4524495677324
152.7	1721.4524495677324
152.8	1721.4524495677324
152.9	1721.4524495677324
153.0	1721.4524495677324
153.1	1721.4524495677324
153.2	1721.4524495677324
153.3	1721.4524495677324
153.4	1721.4524495677324
153.5	1721.4524495677324
153.6	1721.4524495677324
153.7	1721.4524495677324
153.8	1721.4524495677324
153.9	1721.4524495677324
154.0	1721.4524495677324
154.1	1721.4524495677324
154.2	1721.4524495677324
154.3	1721.4524495677324
154.4	1721.4524495677324
154.5	1721.4524495677324
154.6	1721.4524495677324
154.7	1721.4524495677324
154.8	1721.4524495677324
154.9	1721.4524495677324
155.0	1721.4524495677324
155.1	1721.4524495677324
155.2	1721.4524495677324
155.3	1721.4524495677324
155.4	1721.4524495677324
155.5	1721.4524495677324
155.6	1721.4524495677324
155.7	1721.4524495677324
155.8	1721.4524495677324
155.9	1721.4524495677324
156.0	1721.4524495677324
156.1	1721.4524495677324
156.2	1721.4524495677324
156.3	1721.4524495677324
156.4	1721.4524495677324
156.5	1721.4524495677324
156.6	1721.4524495677324
156.7	1721.4524495677324
156.8	1721.4524495677324
156.9	1721.4524495677324
157.0	1721.4524495677324
157.1	1721.4524495677324
157.2	1721.4524495677324
157.3	1721.4524495677324
157.4	1721.4524495677324
157.5	1721.4524495677324
157.6	1721.4524495677324
157.7	1721.4524495677324
157.8	1721.4524495677324
157.9	1721.4524495677324
158.0	1721.4524495677324
158.1	1721.4524495677324
158.2	1721.4524495677324
158.3	1721.4524495677324
158.4	1721.4524495677324
158.5	1721.4524495677324
158.6	1721.4524495677324
158.7	1721.4524495677324
158.8	1721.4524495677324
158.9	1721.4524495677324
159.0	1721.4524495677324
159.1	1721.4524495677324
159.2	1721.4524495677324
159.3	1721.4524495677324
159.4	1721.4524495677324
159.5	1721.4524495677324
159.6	1721.4524495677324
159.7	1721.4524495677324
159.8	1721.4524495677324
159.9	1721.4524495677324
160.0	1721.4524495677324
160.1	1721.4524495677324
160.2	1721.4524495677324
160.3	1721.4524495677324
160.4	1721.4524495677324
160.5	1721.4524495677324
160.6	1721.4524495677324
160.7	1721.4524495677324
160.8	1721.4524495677324
160.9	1721.4524495677324
161.0	1721.4524495677324
161.1	1721.4524495677324
161.2	1721.4524495677324
161.3	1721.4524495677324
161.4	1721.4524495677324
161.5	1721.4524495677324
161.6	1721.4524495677324
161.7	1721.4524495677324
161.8	1721.4524495677324
161.9	1721.4524495677324
162.0	1721.4524495677324
162.1	1721.4524495677324
162.2	1721.4524495677324
162.3	1721.4524495677324
162.4	1721.4524495677324
162.5	1721.4524495677324
162.6	1721.4524495677324
162.7	1721.4524495677324
162.8	1721.4524495677324
162.9	1721.4524495677324
163.0	1721.4524495677324
163.1	1721.4524495677324
163.2	1721.4524495677324
163.3	1721.4524495677324
163.4	1721.4524495677324
163.5	1721.4524495677324
163.6	1721.4524495677324
163.7	1721.4524495677324
163.8	1721.4524495677324
163.9	1721.4524495677324
164.0	1721.4524495677324
164.1	1721.4524495677324
164.2	1721.4524495677324
164.3	1721.4524495677324
164.4	1721.4524495677324
164.5	1721.4524495677324
164.6	1721.4524495677324
164.7	1721.4524495677324
164.8	1721.4524495677324
164.9	1721.4524495677324
165.0	1721.4524495677324
165.1	1721.4524495677324
165.2	1721.4524495677324
165.3	1721.4524495677324
165.4	1721.4524495677324
165.5	1721.4524495677324
165.6	1721.4524495677324
165.7	1721.4524495677324
165.8	1721.4524495677324
165.9	1721.4524495677324
166.0	1721.4524495677324
166.1	1721.4524495677324
166.2	1721.4524495677324
166.3	1721.4524495677324
166.4	1721.4524495677324
166.5	1721.4524495677324
166.6	1721.4524495677324
166.7	1721.4524495677324
166.8	1721.4524495677324
166.9	1721.4524495677324
167.0	1721.4524495677324
167.1	1721.4524495677324
167.2	1721.4524495677324
167.3	1721.4524495677324
167.4	1721.4524495677324
167.5	1721.4524495677324
167.6	1721.4524495677324
167.7	1721.4524495677324
167.8	1721.4524495677324
167.9	1721.4524495677324
168.0	1721.4524495677324
168.1	1721.4524495677324
168.2	1721.4524495677324
168.3	1721.4524495677324
168.4	1721.4524495677324
168.5	1721.4524495677324
168.6	1721.4524495677324
168.7	1721.4524495677324
168.8	1721.4524495677324
168.9	1721.4524495677324
169.0	1721.4524495677324
169.1	1721.4524495677324
169.2	1721.4524495677324
169.3	1721.4524495677324
169.4	1721.4524495677324
169.5	1721.4524495677324
169.6	1721.4524495677324
169.7	1721.4524495677324
169.8	1721.4524495677324
169.9	1721.4524495677324
170.0	1721.4524495677324
170.1	1721.4524495677324
170.2	1721.4524495677324
170.3	1721.4524495677324
170.4	1721.4524495677324
170.5	1721.4524495677324
170.6	1721.4524495677324
170.7	1721.4524495677324
170.8	1721.4524495677324
170.9	1721.4524495677324
171.0	1721.4524495677324
171.1	1721.4524495677324
171.2	1721.4524495677324
171.3	1721.4524495677324
171.4	1721.4524495677324
171.5	1721.4524495677324
171.6	1721.4524495677324
171.7	1721.4524495677324
171.8	1721.4524495677324
171.9	1721.4524495677324
172.0	1721.4524495677324
172.1	1721.4524495677324
172.2	1721.4524495677324
172.3	1721.4524495677324
172.4	1721.4524495677324
172.5	1721.4524495677324
172.6	1721.4524495677324
172.7	1721.4524495677324
172.8	1721.4524495677324
172.9	1721.4524495677324
173.0	1721.4524495677324
173.1	1721.4524495677324
173.2	1721.4524495677324
173.3	1721.4524495677324
173.4	1721.4524495677324
173.5	1721.4524495677324
173.6	1721.4524495677324
173.7	1721.4524495677324
173.8	1721.4524495677324
173.9	1721.4524495677324
174.0	1721.4524495677324
174.1	1721.4524495677324
174.2	1721.4524495677324
174.3	1721.4524495677324
174.4	1721.4524495677324
174.5	1721.4524495677324
174.6	1721.4524495677324
174.7	1721.4524495677324
174.8	1721.4524495677324
174.9	1721.4524495677324
175.0	1721.4524495677324
175.1	1721.4524495677324
175.2	1721.4524495677324
175.3	1721.4524495677324
175.4	1721.4524495677324
175.5	1721.4524495677324
175.6	1721.4524495677324
175.7	1721.4524495677324
175.8	1721.4524495677324
175.9	1721.4524495677324
176.0	1721.4524495677324
176.1	1721.4524495677324
176.2	1721.4524495677324
176.3	1721.4524495677324
176.4	1721.4524495677324
176.5	1721.4524495677324
176.6	1721.4524495677324
176.7	1721.4524495677324
176.8	1721.4524495677324
176.9	1721.4524495677324
177.0	1721.4524495677324
177.1	1721.4524495677324
177.2	1721.4524495677324
177.3	1721.4524495677324
177.4	1721.4524495677324
177.5	1721.4524495677324
177.6	1721.4524495677324
177.7	1721.4524495677324
177.8	1721.4524495677324
177.9	1721.4524495677324
178.0	1721.4524495677324
178.1	1721.4524495677324
178.2	1721.4524495677324
178.3	1721.4524495677324
178.4	1721.4524495677324
178.5	1721.4524495677324
178.6	1721.4524495677324
178.7	1721.4524495677324
178.8	1721.4524495677324
178.9	1721.4524495677324
179.0	1721.4524495677324
179.1	1721.4524495677324
179.2	1721.4524495677324
179.3	1721.4524495677324
179.4	1721.4524495677324
179.5	1721.4524495677324
179.6	1721.4524495677324
179.7	1721.4524495677324
179.8	1721.4524495677324
179.9	1721.4524495677324
180.0	1721.4524495677324
180.1	1721.4524495677324
180.2	1721.4524495677324
180.3	1721.4524495677324
180.4	1721.4524495677324
180.5	1721.4524495677324
180.6	1721.4524495677324
180.7	1721.4524495677324
180.8	1721.4524495677324
180.9	1721.4524495677324
181.0	1721.4524495677324
181.1	1721.4524495677324
181.2	1721.4524495677324
181.3	1721.4524495677324
181.4	1721.4524495677324
181.5	1721.4524495677324
181.6	1721.4524495677324
181.7	1721.4524495677324
181.8	1721.4524495677324
181.9	1721.4524495677324
182.0	1721.4524495677324
182.1	1721.4524495677324
182.2	1721.4524495677324
182.3	1721.4524495677324
182.4	1721.4524495677324
182.5	1721.4524495677324
182.6	1721.4524495677324
182.7	1721.4524495677324
182.8	1721.4524495677324
182.9	1721.4524495677324
183.0	1721.4524495677324
183.1	1721.4524495677324
183.2	1721.4524495677324
183.3	1721.4524495677324
183.4	1721.4524495677324
183.5	1721.4524495677324
183.6	1721.4524495677324
183.7	1721.4524495677324
183.8	1721.4524495677324
183.9	1721.4524495677324
184.0	1721.4524495677324
184.1	1721.4524495677324
184.2	1721.4524495677324
184.3	1721.4524495677324
184.4	1721.4524495677324
184.5	1721.4524495677324
184.6	1721.4524495677324
184.7	1721.4524495677324
184.8	1721.4524495677324
184.9	1721.4524495677324
185.0	1721.4524495677324
185.1	1721.4524495677324
185.2	1721.4524495677324
185.3	1721.4524495677324
185.4	1721.4524495677324
185.5	1721.4524495677324
185.6	1721.4524495677324
185.7	1721.4524495677324
185.8	1721.4524495677324
185.9	1721.4524495677324
186.0	1721.4524495677324
186.1	1721.4524495677324
186.2	1721.4524495677324
186.3	1721.4524495677324
186.4	1721.4524495677324
186.5	1721.4524495677324
186.6	1721.4524495677324
186.7	1721.4524495677324
186.8	1721.4524495677324
186.9	1721.4524495677324
187.0	1721.4524495677324
187.1	1721.4524495677324
187.2	1721.4524495677324
187.3	1721.4524495677324
187.4	1721.4524495677324
187.5	1721.4524495677324
187.6	1721.4524495677324
187.7	1721.4524495677324
187.8	1721.4524495677324
187.9	1721.4524495677324
188.0	1721.4524495677324
188.1	1721.4524495677324
188.2	1721.4524495677324
188.3	1721.4524495677324
188.4	1721.4524495677324
188.5	1721.4524495677324
188.6	1721.4524495677324
188.7	1721.4524495677324
188.8	1721.4524495677324
188.9	1721.4524495677324
189.0	1721.4524495677324
189.1	1721.4524495677324
189.2	1721.4524495677324
189.3	1721.4524495677324
189.4	1721.4524495677324
189.5	1721.4524495677324
189.6	1721.4524495677324
189.7	1721.4524495677324
189.8	1721.4524495677324
189.9	1721.4524495677324
190.0	1721.4524495677324
190.1	1721.4524495677324
190.2	1721.4524495677324
190.3	1721.4524495677324
190.4	1721.4524495677324
190.5	1721.4524495677324
190.6	1721.4524495677324
190.7	1721.4524495677324
190.8	1721.4524495677324
190.9	1721.4524495677324
191.0	1721.4524495677324
191.1	1721.4524495677324
191.2	1721.4524495677324
191.3	1721.4524495677324
191.4	1721.4524495677324
191.5	1721.4524495677324
191.6	1721.4524495677324
191.7	1721.4524495677324
191.8	1721.4524495677324
191.9	1721.4524495677324
192.0	1721.4524495677324
192.1	1721.4524495677324
192.2	1721.4524495677324
192.3	1721.4524495677324
192.4	1721.4524495677324
192.5	1721.4524495677324
192.6	1721.4524495677324
192.7	1721.4524495677324
192.8	1721.4524495677324
192.9	1721.4524495677324
193.0	1721.4524495677324
193.1	1721.4524495677324
193.2	1721.4524495677324
193.3	1721.4524495677324
193.4	1721.4524495677324
193.5	1721.4524495677324
193.6	1721.4524495677324
193.7	1721.4524495677324
193.8	1721.4524495677324
193.9	1721.4524495677324
194.0	1721.4524495677324
194.1	1721.4524495677324
194.2	1721.4524495677324
194.3	1721.4524495677324
194.4	1721.4524495677324
194.5	1721.4524495677324
194.6	1721.4524495677324
194.7	1721.4524495677324
194.8	1721.4524495677324
194.9	1721.4524495677324
195.0	1721.4524495677324
195.1	1721.4524495677324
195.2	1721.4524495677324
195.3	1721.4524495677324
195.4	1721.4524495677324
195.5	1721.4524495677324
195.6	1721.4524495677324
195.7	1721.4524495677324
195.8	1721.4524495677324
195.9	1721.4524495677324
196.0	1721.4524495677324
196.1	1721.4524495677324
196.2	1721.4524495677324
196.3	1721.4524495677324
196.4	1721.4524495677324
196.5	1721.4524495677324
196.6	1721.4524495677324
196.7	1721.4524495677324
196.8	1721.4524495677324
196.9	1721.4524495677324
197.0	1721.4524495677324
197.1	1721.4524495677324
197.2	1721.4524495677324
197.3	1721.4524495677324
197.4	1721.4524495677324
197.5	1721.4524495677324
197.6	1721.4524495677324
197.7	1721.4524495677324
197.8	1721.4524495677324
197.9	1721.4524495677324
198.0	1721.4524495677324
198.1	1721.4524495677324
198.2	1721.4524495677324
198.3	1721.4524495677324
198.4	1721.4524495677324
198.5	1721.4524495677324
198.6	1721.4524495677324
198.7	1721.4524495677324
198.8	1721.4524495677324
198.9	1721.4524495677324
199.0	1721.4524495677324
199.1	1721.4524495677324
199.2	1721.4524495677324
199.3	1721.4524495677324
199.4	1721.4524495677324
199.5	1721.4524495677324
199.6	1721.4524495677324
199.7	1721.4524495677324
199.8	1721.4524495677324
199.9	1721.4524495677324
200.0	1721.4524495677324
200.1	1721.4524495677324
200.2	1721.4524495677324
200.3	1721.4524495677324
200.4	1721.4524495677324
200.5	1721.4524495677324
200.6	1721.4524495677324
200.7	1721.4524495677324
200.8	1721.4524495677324
200.9	1721.4524495677324
201.0	1721.4524495677324
201.1	1721.4524495677324
201.2	1721.4524495677324
201.3	1721.4524495677324
201.4	1721.4524495677324
201.5	1721.4524495677324
201.6	1721.4524495677324
201.7	1721.4524495677324
201.8	1721.4524495677324
201.9	1721.4524495677324
202.0	1721.4524495677324
202.1	1721.4524495677324
202.2	1721.4524495677324
202.3	1721.4524495677324
202.4	1721.4524495677324
202.5	1721.4524495677324
202.6	1721.4524495677324
202.7	1721.4524495677324
202.8	1721.4524495677324
202.9	1721.4524495677324
203.0	1721.4524495677324
203.1	1721.4524495677324
203.2	1721.4524495677324
203.3	1721.4524495677324
203.4	1721.4524495677324
203.5	1721.4524495677324
203.6	1721.4524495677324
203.7	1721.4524495677324
203.8	1721.4524495677324
203.9	1721.4524495677324
204.0	1721.4524495677324
204.1	1721.4524495677324
204.2	1721.4524495677324
204.3	1721.4524495677324
204.4	1721.4524495677324
204.5	1721.4524495677324
204.6	1721.4524495677324
204.7	1721.4524495677324
204.8	1721.4524495677324
204.9	1721.4524495677324
205.0	1721.4524495677324
205.1	1721.4524495677324
205.2	1721.4524495677324
205.3	1721.4524495677324
205.4	1721.4524495677324
205.5	1721.4524495677324
205.6	1721.4524495677324
205.7	1721.4524495677324
205.8	1721.4524495677324
205.9	1721.4524495677324
206.0	1721.4524495677324
206.1	1721.4524495677324
206.2	1721.4524495677324
206.3	1721.4524495677324
206.4	1721.4524495677324
206.5	1721.4524495677324
206.6	1721.4524495677324
206.7	1721.4524495677324
206.8	1721.4524495677324
206.9	1721.4524495677324
207.0	1721.4524495677324
207.1	1721.4524495677324
207.2	1721.4524495677324
207.3	1721.4524495677324
207.4	1721.4524495677324
207.5	1721.4524495677324
207.6	1721.4524495677324
207.7	1721.4524495677324
207.8	1721.4524495677324
207.9	1721.4524495677324
208.0	1721.4524495677324
208.1	1721.4524495677324
208.2	1721.4524495677324
208.3	1721.4524495677324
208.4	1721.4524495677324
208.5	1721.4524495677324
208.6	1721.4524495677324
208.7	1721.4524495677324
208.8	1721.4524495677324
208.9	1721.4524495677324
209.0	1721.4524495677324
209.1	1721.4524495677324
209.2	1721.4524495677324
209.3	1721.4524495677324
209.4	1721.4524495677324
209.5	1721.4524495677324
209.6	1721.4524495677324
209.7	1721.4524495677324
209.8	1721.4524495677324
209.9	1721.4524495677324
210.0	1721.4524495677324
210.1	1721.4524495677324
210.2	1721.4524495677324
210.3	1721.4524495677324
210.4	1721.4524495677324
210.5	1721.4524495677324
210.6	1721.4524495677324
210.7	1721.4524495677324
210.8	1721.4524495677324
210.9	1721.4524495677324
211.0	1721.4524495677324
211.1	1721.4524495677324
211.2	1721.4524495677324
211.3	1721.4524495677324
211.4	1721.4524495677324
211.5	1721.4524495677324
211.6	1721.4524495677324
211.7	1721.4524495677324
211.8	1721.4524495677324
211.9	1721.4524495677324
212.0	1721.4524495677324
212.1	1721.4524495677324
212.2	1721.4524495677324
212.3	1721.4524495677324
212.4	1721.4524495677324
212.5	1721.4524495677324
212.6	1721.4524495677324
212.7	1721.4524495677324
212.8	1721.4524495677324
212.9	1721.4524495677324
213.0	1721.4524495677324
213.1	1721.4524495677324
213.2	1721.4524495677324
213.3	1721.4524495677324
213.4	1721.4524495677324
213.5	1721.4524495677324
213.6	1721.4524495677324
213.7	1721.4524495677324
213.8	1721.4524495677324
213.9	1721.4524495677324
214.0	1721.4524495677324
214.1	1721.4524495677324
214.2	1721.4524495677324
214.3	1721.4524495677324
214.4	1721.4524495677324
214.5	1721.4524495677324
214.6	1721.4524495677324
214.7	1721.4524495677324
214.8	1721.4524495677324
214.9	1721.4524495677324
215.0	1721.4524495677324
215.1	1721.4524495677324
215.2	1721.4524495677324
215.3	1721.4524495677324
215.4	1721.4524495677324
215.5	1721.4524495677324
215.6	1721.4524495677324
215.7	1721.4524495677324
215.8	1721.4524495677324
215.9	1721.4524495677324
216.0	1721.4524495677324
216.1	1721.4524495677324
216.2	1721.4524495677324
216.3	1721.4524495677324
216.4	1721.4524495677324
216.5	1721.4524495677324
216.6	1721.4524495677324
216.7	1721.4524495677324
216.8	1721.4524495677324
216.9	1721.4524495677324
217.0	1721.4524495677324
217.1	1721.4524495677324
217.2	1721.4524495677324
217.3	1721.4524495677324
217.4	1721.4524495677324
217.5	1721.4524495677324
217.6	1721.4524495677324
217.7	1721.4524495677324
217.8	1721.4524495677324
217.9	1721.4524495677324
218.0	1721.4524495677324
218.1	1721.4524495677324
218.2	1721.4524495677324
218.3	1721.4524495677324
218.4	1721.4524495677324
218.5	1721.4524495677324
218.6	1721.4524495677324
218.7	1721.4524495677324
218.8	1721.4524495677324
218.9	1721.4524495677324
219.0	1721.4524495677324
219.1	1721.4524495677324
219.2	1721.4524495677324
219.3	1721.4524495677324
219.4	1721.4524495677324
219.5	1721.4524495677324
219.6	1721.4524495677324
219.7	1721.4524495677324
219.8	1721.4524495677324
219.9	1721.4524495677324
220.0	1721.4524495677324
220.1	1721.4524495677324
220.2	1721.4524495677324
220.3	1721.4524495677324
220.4	1721.4524495677324
220.5	1721.4524495677324
220.6	1721.4524495677324
220.7	1721.4524495677324
220.8	1721.4524495677324
220.9	1721.4524495677324
221.0	1721.4524495677324
221.1	1721.4524495677324
221.2	1721.4524495677324
221.3	1721.4524495677324
221.4	1721.4524495677324
221.5	1721.4524495677324
221.6	1721.4524495677324
221.7	1721.4524495677324
221.8	1721.4524495677324
221.9	1721.4524495677324
222.0	1721.4524495677324
222.1	1721.4524495677324
222.2	1721.4524495677324
222.3	1721.4524495677324
222.4	1721.4524495677324
222.5	1721.4524495677324
222.6	1721.4524495677324
222.7	1721.4524495677324
222.8	1721.4524495677324
222.9	1721.4524495677324
223.0	1721.4524495677324
223.1	1721.4524495677324
223.2	1721.4524495677324
223.3	1721.4524495677324
223.4	1721.4524495677324
223.5	1721.4524495677324
223.6	1721.4524495677324
223.7	1721.4524495677324
223.8	1721.4524495677324
223.9	1721.4524495677324
224.0	1721.4524495677324
224.1	1721.4524495677324
224.2	1721.4524495677324
224.3	1721.4524495677324
224.4	1721.4524495677324
224.5	1721.4524495677324
224.6	1721.4524495677324
224.7	1721.4524495677324
224.8	1721.4524495677324
224.9	1721.4524495677324
225.0	1721.4524495677324
225.1	1721.4524495677324
225.2	1721.4524495677324
225.3	1721.4524495677324
225.4	1721.4524495677324
225.5	1721.4524495677324
225.6	1721.4524495677324
225.7	1721.4524495677324
225.8	1721.4524495677324
225.9	1721.4524495677324
226.0	1721.4524495677324
226.1	1721.4524495677324
226.2	1721.4524495677324
226.3	1721.4524495677324
226.4	1721.4524495677324
226.5	1721.4524495677324
226.6	1721.4524495677324
226.7	1721.4524495677324
226.8	1721.4524495677324
226.9	1721.4524495677324
227.0	1721.4524495677324
227.1	1721.4524495677324
227.2	1721.4524495677324
227.3	1721.4524495677324
227.4	1721.4524495677324
227.5	1721.4524495677324
227.6	1721.4524495677324
227.7	1721.4524495677324
227.8	1721.4524495677324
227.9	1721.4524495677324
228.0	1721.4524495677324
228.1	1721.4524495677324
228.2	1721.4524495677324
228.3	1721.4524495677324
228.4	1721.4524495677324
228.5	1721.4524495677324
228.6	1721.4524495677324
228.7	1721.4524495677324
228.8	1721.4524495677324
228.9	1721.4524495677324
229.0	1721.4524495677324
229.1	1721.4524495677324
229.2	1721.4524495677324
229.3	1721.4524495677324
229.4	1721.4524495677324
229.5	1721.4524495677324
229.6	1721.4524495677324
229.7	1721.4524495677324
229.8	1721.4524495677324
229.9	1721.4524495677324
230.0	1721.4524495677324
230.1	1721.4524495677324
230.2	1721.4524495677324
230.3	1721.4524495677324
230.4	1721.4524495677324
230.5	1721.4524495677324
230.6	1721.4524495677324
230.7	1721.4524495677324
230.8	1721.4524495677324
230.9	1721.4524495677324
231.0	1721.4524495677324
231.1	1721.4524495677324
231.2	1721.4524495677324
231.3	1721.4524495677324
231.4	1721.4524495677324
231.5	1721.4524495677324
231.6	1721.4524495677324
231.7	1721.4524495677324
231.8	1721.4524495677324
231.9	1721.4524495677324
232.0	1721.4524495677324
232.1	1721.4524495677324
232.2	1721.4524495677324
232.3	1721.4524495677324
232.4	1721.4524495677324
232.5	1721.4524495677324
232.6	1721.4524495677324
232.7	1721.4524495677324
232.8	1721.4524495677324
232.9	1721.4524495677324
233.0	1721.4524495677324
233.1	1721.4524495677324
233.2	1721.4524495677324
233.3	1721.4524495677324
233.4	1721.4524495677324
233.5	1721.4524495677324
233.6	1721.4524495677324
233.7	1721.4524495677324
233.8	1721.4524495677324
233.9	1721.4524495677324
234.0	1721.4524495677324
234.1	1721.4524495677324
234.2	1721.4524495677324
234.3	1721.4524495677324
234.4	1721.4524495677324
234.5	1721.4524495677324
234.6	1721.4524495677324
234.7	1721.4524495677324
234.8	1721.4524495677324
234.9	1721.4524495677324
235.0	1721.4524495677324
235.1	1721.4524495677324
235.2	1721.4524495677324
235.3	1721.4524495677324
235.4	1721.4524495677324
235.5	1721.4524495677324
235.6	1721.4524495677324
235.7	1721.4524495677324
235.8	1721.4524495677324
235.9	1721.4524495677324
236.0	1721.4524495677324
236.1	1721.4524495677324
236.2	1721.4524495677324
236.3	1721.4524495677324
236.4	1721.4524495677324
236.5	1721.4524495677324
236.6	1721.4524495677324
236.7	1721.4524495677324
236.8	1721.4524495677324
236.9	1721.4524495677324
237.0	1721.4524495677324
237.1	1721.4524495677324
237.2	1721.4524495677324
237.3	1721.4524495677324
237.4	1721.4524495677324
237.5	1721.4524495677324
237.6	1721.4524495677324
237.7	1721.4524495677324
237.8	1721.4524495677324
237.9	1721.4524495677324
238.0	1721.4524495677324
238.1	1721.4524495677324
238.2	1721.4524495677324
238.3	1721.4524495677324
238.4	1721.4524495677324
238.5	1721.4524495677324
238.6	1721.4524495677324
238.7	1721.4524495677324
238.8	1721.4524495677324
238.9	1721.4524495677324
239.0	1721.4524495677324
239.1	1721.4524495677324
239.2	1721.4524495677324
239.3	1721.4524495677324
239.4	1721.4524495677324
239.5	1721.4524495677324
239.6	1721.4524495677324
239.7	1721.4524495677324
239.8	1721.4524495677324
239.9	1721.4524495677324
240.0	1721.4524495677324
240.1	1721.4524495677324
240.2	1721.4524495677324
240.3	1721.4524495677324
240.4	1721.4524495677324
240.5	1721.4524495677324
240.6	1721.4524495677324
240.7	1721.4524495677324
240.8	1721.4524495677324
240.9	1721.4524495677324
241.0	1721.4524495677324
241.1	1721.4524495677324
241.2	1721.4524495677324
241.3	1721.4524495677324
241.4	1721.4524495677324
241.5	1721.4524495677324
241.6	1721.4524495677324
241.7	1721.4524495677324
241.8	1721.4524495677324
241.9	1721.4524495677324
242.0	1721.4524495677324
242.1	1721.4524495677324
242.2	1721.4524495677324
242.3	1721.4524495677324
242.4	1721.4524495677324
242.5	1721.4524495677324
242.6	1721.4524495677324
242.7	1721.4524495677324
242.8	1721.4524495677324
242.9	1721.4524495677324
243.0	1721.4524495677324
243.1	1721.4524495677324
243.2	1721.4524495677324
243.3	1721.4524495677324
243.4	1721.4524495677324
243.5	1721.4524495677324
243.6	1721.4524495677324
243.7	1721.4524495677324
243.8	1721.4524495677324
243.9	1721.4524495677324
244.0	1721.4524495677324
244.1	1721.4524495677324
244.2	1721.4524495677324
244.3	1721.4524495677324
244.4	1721.4524495677324
244.5	1721.4524495677324
244.6	1721.4524495677324
244.7	1721.4524495677324
244.8	1721.4524495677324
244.9	1721.4524495677324
245.0	1721.4524495677324
245.1	1721.4524495677324
245.2	1721.4524495677324
245.3	1721.4524495677324
245.4	1721.4524495677324
245.5	1721.4524495677324
245.6	1721.4524495677324
245.7	1721.4524495677324
245.8	1721.4524495677324
245.9	1721.4524495677324
246.0	1721.4524495677324
246.1	1721.4524495677324
246.2	1721.4524495677324
246.3	1721.4524495677324
246.4	1721.4524495677324
246.5	1721.4524495677324
246.6	1721.4524495677324
246.7	1721.4524495677324
246.8	1721.4524495677324
246.9	1721.4524495677324
247.0	1721.4524495677324
247.1	1721.4524495677324
247.2	1721.4524495677324
247.3	1721.4524495677324
247.4	1721.4524495677324
247.5	1721.4524495677324
247.6	1721.4524495677324
247.7	1721.4524495677324
247.8	1721.4524495677324
247.9	1721.4524495677324
248.0	1721.4524495677324
248.1	1721.4524495677324
248.2	1721.4524495677324
248.3	1721.4524495677324
248.4	1721.4524495677324
248.5	1721.4524495677324
248.6	1721.4524495677324
248.7	1721.4524495677324
248.8	1721.4524495677324
248.9	1721.4524495677324
249.0	1721.4524495677324
249.1	1721.4524495677324
249.2	1721.4524495677324
249.3	1721.4524495677324
249.4	1721.4524495677324
249.5	1721.4524495677324
249.6	1721.4524495677324
249.7	1721.4524495677324
249.8	1721.4524495677324
249.9	1721.4524495677324
250.0	1721.4524495677324
250.1	1721.4524495677324
250.2	1721.4524495677324
250.3	1721.4524495677324
250.4	1721.4524495677324
250.5	1721.4524495677324
250.6	1721.4524495677324
250.7	1721.4524495677324
250.8	1721.4524495677324
250.9	1721.4524495677324
251.0	1721.4524495677324
251.1	1721.4524495677324
251.2	1721.4524495677324
251.3	1721.4524495677324
251.4	1721.4524495677324
251.5	1721.4524495677324
251.6	1721.4524495677324
251.7	1721.4524495677324
251.8	1721.4524495677324
251.9	1721.4524495677324
252.0	1721.4524495677324
252.1	1721.4524495677324
252.2	1721.4524495677324
252.3	1721.4524495677324
252.4	1721.4524495677324
252.5	1721.4524495677324
252.6	1721.4524495677324
252.7	1721.4524495677324
252.8	1721.4524495677324
252.9	1721.4524495677324
253.0	1721.4524495677324
253.1	1721.4524495677324
253.2	1721.4524495677324
253.3	1721.4524495677324
253.4	1721.4524495677324
253.5	1721.4524495677324
253.6	1721.4524495677324
253.7	1721.4524495677324
253.8	1721.4524495677324
253.9	1721.4524495677324
254.0	1721.4524495677324
254.1	1721.4524495677324
254.2	1721.4524495677324
254.3	1721.4524495677324
254.4	1721.4524495677324
254.5	1721.4524495677324
254.6	1721.4524495677324
254.7	1721.4524495677324
254.8	1721.4524495677324
254.9	1721.4524495677324
255.0	1721.4524495677324
255.1	1721.4524495677324
255.2	1721.4524495677324
255.3	1721.4524495677324
255.4	1721.4524495677324
255.5	1721.4524495677324
255.6	1721.4524495677324
255.7	1721.4524495677324
255.8	1721.4524495677324
255.9	1721.4524495677324
256.0	1721.4524495677324
256.1	1721.4524495677324
256.2	1721.4524495677324
256.3	1721.4524495677324
256.4	1721.4524495677324
256.5	1721.4524495677324
256.6	1721.4524495677324
256.7	1721.4524495677324
256.8	1721.4524495677324
256.9	1721.4524495677324
257.0	1721.4524495677324
257.1	1721.4524495677324
257.2	1721.4524495677324
257.3	1721.4524495677324
257.4	1721.4524495677324
257.5	1721.4524495677324
257.6	1721.4524495677324
257.7	1721.4524495677324
257.8	1721.4524495677324
257.9	1721.4524495677324
258.0	1721.4524495677324
258.1	1721.4524495677324
258.2	1721.4524495677324
258.3	1721.4524495677324
258.4	1721.4524495677324
258.5	1721.4524495677324
258.6	1721.4524495677324
258.7	1721.4524495677324
258.8	1721.4524495677324
258.9	1721.4524495677324
259.0	1721.4524495677324
259.1	1721.4524495677324
259.2	1721.4524495677324
259.3	1721.4524495677324
259.4	1721.4524495677324
259.5	1721.4524495677324
259.6	1721.4524495677324
259.7	1721.4524495677324
259.8	1721.4524495677324
259.9	1721.4524495677324
260.0	1721.4524495677324
260.1	1721.4524495677324
260.2	1721.4524495677324
260.3	1721.4524495677324
260.4	1721.4524495677324
260.5	1721.4524495677324
260.6	1721.4524495677324
260.7	1721.4524495677324
260.8	1721.4524495677324
260.9	1721.4524495677324
261.0	1721.4524495677324
261.1	1721.4524495677324
261.2	1721.4524495677324
261.3	1721.4524495677324
261.4	1721.4524495677324
261.5	1721.4524495677324
261.6	1721.4524495677324
261.7	1721.4524495677324
261.8	1721.4524495677324
261.9	1721.4524495677324
262.0	1721.4524495677324
262.1	1721.4524495677324
262.2	1721.4524495677324
262.3	1721.4524495677324
262.4	1721.4524495677324
262.5	1721.4524495677324
262.6	1721.4524495677324
262.7	1721.4524495677324
262.8	1721.4524495677324
262.9	1721.4524495677324
263.0	1721.4524495677324
263.1	1721.4524495677324
263.2	1721.4524495677324
263.3	1721.4524495677324
263.4	1721.4524495677324
263.5	1721.4524495677324
263.6	1721.4524495677324
263.7	1721.4524495677324
263.8	1721.4524495677324
263.9	1721.4524495677324
264.0	1721.4524495677324
264.1	1721.4524495677324
264.2	1721.4524495677324
264.3	1721.4524495677324
264.4	1721.4524495677324
264.5	1721.4524495677324
264.6	1721.4524495677324
264.7	1721.4524495677324
264.8	1721.4524495677324
264.9	1721.4524495677324
265.0	1721.4524495677324
265.1	1721.4524495677324
265.2	1721.4524495677324
265.3	1721.4524495677324
265.4	1721.4524495677324
265.5	1721.4524495677324
265.6	1721.4524495677324
265.7	1721.4524495677324
265.8	1721.4524495677324
265.9	1721.4524495677324
266.0	1721.4524495677324
266.1	1721.4524495677324
266.2	1721.4524495677324
266.3	1721.4524495677324
266.4	1721.4524495677324
266.5	1721.4524495677324
266.6	1721.4524495677324
266.7	1721.4524495677324
266.8	1721.4524495677324
266.9	1721.4524495677324
267.0	1721.4524495677324
267.1	1721.4524495677324
267.2	1721.4524495677324
267.3	1721.4524495677324
267.4	1721.4524495677324
267.5	1721.4524495677324
267.6	1721.4524495677324
267.7	1721.4524495677324
267.8	1721.4524495677324
267.9	1721.4524495677324
268.0	1721.4524495677324
268.1	1721.4524495677324
268.2	1721.4524495677324
268.3	1721.4524495677324
268.4	1721.4524495677324
268.5	1721.4524495677324
268.6	1721.4524495677324
268.7	1721.4524495677324
268.8	1721.4524495677324
268.9	1721.4524495677324
269.0	1721.4524495677324
269.1	1721.4524495677324
269.2	1721.4524495677324
269.3	1721.4524495677324
269.4	1721.4524495677324
269.5	1721.4524495677324
269.6	1721.4524495677324
269.7	1721.4524495677324
269.8	1721.4524495677324
269.9	1721.4524495677324
270.0	1721.4524495677324
270.1	1721.4524495677324
270.2	1721.4524495677324
270.3	1721.4524495677324
270.4	1721.4524495677324
270.5	1721.4524495677324
270.6	1721.4524495677324
270.7	1721.4524495677324
270.8	1721.4524495677324
270.9	1721.4524495677324
271.0	1721.4524495677324
271.1	1721.4524495677324
271.2	1721.4524495677324
271.3	1721.4524495677324
271.4	1721.4524495677324
271.5	1721.4524495677324
271.6	1721.4524495677324
271.7	1721.4524495677324
271.8	1721.4524495677324
271.9	1721.4524495677324
272.0	1721.4524495677324
272.1	1721.4524495677324
272.2	1721.4524495677324
272.3	1721.4524495677324
272.4	1721.4524495677324
272.5	1721.4524495677324
272.6	1721.4524495677324
272.7	1721.4524495677324
272.8	1721.4524495677324
272.9	1721.4524495677324
273.0	1721.4524495677324
273.1	1721.4524495677324
273.2	1721.4524495677324
273.3	1721.4524495677324
273.4	1721.4524495677324
273.5	1721.4524495677324
273.6	1721.4524495677324
273.7	1721.4524495677324
273.8	1721.4524495677324
273.9	1721.4524495677324
274.0	1721.4524495677324
274.1	1721.4524495677324
274.2	1721.4524495677324
274.3	1721.4524495677324
274.4	1721.4524495677324
274.5	1721.4524495677324
274.6	1721.4524495677324
274.7	1721.4524495677324
274.8	1721.4524495677324
274.9	1721.4524495677324
275.0	1721.4524495677324
275.1	1721.4524495677324
275.2	1721.4524495677324
275.3	1721.4524495677324
275.4	1721.4524495677324
275.5	1721.4524495677324
275.6	1721.4524495677324
275.7	1721.4524495677324
275.8	1721.4524495677324
275.9	1721.4524495677324
276.0	1721.4524495677324
276.1	1721.4524495677324
276.2	1721.4524495677324
276.3	1721.4524495677324
276.4	1721.4524495677324
276.5	1721.4524495677324
276.6	1721.4524495677324
276.7	1721.4524495677324
276.8	1721.4524495677324
276.9	1721.4524495677324
277.0	1721.4524495677324
277.1	1721.4524495677324
277.2	1721.4524495677324
277.3	1721.4524495677324
277.4	1721.4524495677324
277.5	1721.4524495677324
277.6	1721.4524495677324
277.7	1721.4524495677324
277.8	1721.4524495677324
277.9	1721.4524495677324
278.0	1721.4524495677324
278.1	1721.4524495677324
278.2	1721.4524495677324
278.3	1721.4524495677324
278.4	1721.4524495677324
278.5	1721.4524495677324
278.6	1721.4524495677324
278.7	1721.4524495677324
278.8	1721.4524495677324
278.9	1721.4524495677324
279.0	1721.4524495677324
279.1	1721.4524495677324
279.2	1721.4524495677324
279.3	1721.4524495677324
279.4	1721.4524495677324
279.5	1721.4524495677324
279.6	1721.4524495677324
279.7	1721.4524495677324
279.8	1721.4524495677324
279.9	1721.4524495677324
280.0	1721.4524495677324
280.1	1721.4524495677324
280.2	1721.4524495677324
280.3	1721.4524495677324
280.4	1721.4524495677324
280.5	1721.4524495677324
280.6	1721.4524495677324
280.7	1721.4524495677324
280.8	1721.4524495677324
280.9	1721.4524495677324
281.0	1721.4524495677324
281.1	1721.4524495677324
281.2	1721.4524495677324
281.3	1721.4524495677324
281.4	1721.4524495677324
281.5	1721.4524495677324
281.6	1721.4524495677324
281.7	1721.4524495677324
281.8	1721.4524495677324
281.9	1721.4524495677324
282.0	1721.4524495677324
282.1	1721.4524495677324
282.2	1721.4524495677324
282.3	1721.4524495677324
282.4	1721.4524495677324
282.5	1721.4524495677324
282.6	1721.4524495677324
282.7	1721.4524495677324
282.8	1721.4524495677324
282.9	1721.4524495677324
283.0	1721.4524495677324
283.1	1721.4524495677324
283.2	1721.4524495677324
283.3	1721.4524495677324
283.4	1721.4524495677324
283.5	1721.4524495677324
283.6	1721.4524495677324
283.7	1721.4524495677324
283.8	1721.4524495677324
283.9	1721.4524495677324
284.0	1721.4524495677324
284.1	1721.4524495677324
284.2	1721.4524495677324
284.3	1721.4524495677324
284.4	1721.4524495677324
284.5	1721.4524495677324
284.6	1721.4524495677324
284.7	1721.4524495677324
284.8	1721.4524495677324
284.9	1721.4524495677324
285.0	1721.4524495677324
285.1	1721.4524495677324
285.2	1721.4524495677324
285.3	1721.4524495677324
285.4	1721.4524495677324
285.5	1721.4524495677324
285.6	1721.4524495677324
285.7	1721.4524495677324
285.8	1721.4524495677324
285.9	1721.4524495677324
286.0	1721.4524495677324
286.1	1721.4524495677324
286.2	1721.4524495677324
286.3	1721.4524495677324
286.4	1721.4524495677324
286.5	1721.4524495677324
286.6	1721.4524495677324
286.7	1721.4524495677324
286.8	1721.4524495677324
286.9	1721.4524495677324
287.0	1721.4524495677324
287.1	1721.4524495677324
287.2	1721.4524495677324
287.3	1721.4524495677324
287.4	1721.4524495677324
287.5	1721.4524495677324
287.6	1721.4524495677324
287.7	1721.4524495677324
287.8	1721.4524495677324
287.9	1721.4524495677324
288.0	1721.4524495677324
288.1	1721.4524495677324
288.2	1721.4524495677324
288.3	1721.4524495677324
288.4	1721.4524495677324
288.5	1721.4524495677324
288.6	1721.4524495677324
288.7	1721.4524495677324
288.8	1721.4524495677324
288.9	1721.4524495677324
289.0	1721.4524495677324
289.1	1721.4524495677324
289.2	1721.4524495677324
289.3	1721.4524495677324
289.4	1721.4524495677324
289.5	1721.4524495677324
289.6	1721.4524495677324
289.7	1721.4524495677324
289.8	1721.4524495677324
289.9	1721.4524495677324
290.0	1721.4524495677324
290.1	1721.4524495677324
290.2	1721.4524495677324
290.3	1721.4524495677324
290.4	1721.4524495677324
290.5	1721.4524495677324
290.6	1721.4524495677324
290.7	1721.4524495677324
290.8	1721.4524495677324
290.9	1721.4524495677324
291.0	1721.4524495677324
291.1	1721.4524495677324
291.2	1721.4524495677324
291.3	1721.4524495677324
291.4	1721.4524495677324
291.5	1721.4524495677324
291.6	1721.4524495677324
291.7	1721.4524495677324
291.8	1721.4524495677324
291.9	1721.4524495677324
292.0	1721.4524495677324
292.1	1721.4524495677324
292.2	1721.4524495677324
292.3	1721.4524495677324
292.4	1721.4524495677324
292.5	1721.4524495677324
292.6	1721.4524495677324
292.7	1721.4524495677324
292.8	1721.4524495677324
292.9	1721.4524495677324
293.0	1721.4524495677324
293.1	1721.4524495677324
293.2	1721.4524495677324
293.3	1721.4524495677324
293.4	1721.4524495677324
293.5	1721.4524495677324
293.6	1721.4524495677324
293.7	1721.4524495677324
293.8	1721.4524495677324
293.9	1721.4524495677324
294.0	1721.4524495677324
294.1	1721.4524495677324
294.2	1721.4524495677324
294.3	1721.4524495677324
294.4	1721.4524495677324
294.5	1721.4524495677324
294.6	1721.4524495677324
294.7	1721.4524495677324
294.8	1721.4524495677324
294.9	1721.4524495677324
295.0	1721.4524495677324
295.1	1721.4524495677324
295.2	1721.4524495677324
295.3	1721.4524495677324
295.4	1721.4524495677324
295.5	1721.4524495677324
295.6	1721.4524495677324
295.7	1721.4524495677324
295.8	1721.4524495677324
295.9	1721.4524495677324
296.0	1721.4524495677324
296.1	1721.4524495677324
296.2	1721.4524495677324
296.3	1721.4524495677324
296.4	1721.4524495677324
296.5	1721.4524495677324
296.6	1721.4524495677324
296.7	1721.4524495677324
296.8	1721.4524495677324
296.9	1721.4524495677324
297.0	1721.4524495677324
297.1	1721.4524495677324
297.2	1721.4524495677324
297.3	1721.4524495677324
297.4	1721.4524495677324
297.5	1721.4524495677324
297.6	1721.4524495677324
297.7	1721.4524495677324
297.8	1721.4524495677324
297.9	1721.4524495677324
298.0	1721.4524495677324
298.1	1721.4524495677324
298.2	1721.4524495677324
298.3	1721.4524495677324
298.4	1721.4524495677324
298.5	1721.4524495677324
298.6	1721.4524495677324
298.7	1721.4524495677324
298.8	1721.4524495677324
298.9	1721.4524495677324
299.0	1721.4524495677324
299.1	1721.4524495677324
299.2	1721.4524495677324
299.3	1721.4524495677324
299.4	1721.4524495677324
299.5	1721.4524495677324
299.6	1721.4524495677324
299.7	1721.4524495677324
299.8	1721.4524495677324
299.9	1721.4524495677324
