T [K]	C_p [J/m^3/K]
0.0	nan
0.1	nan
0.2	nan
0.3	0.7118701285086255
0.4	1.6873958735995478
0.5	3.29569507772904
0.6	5.694961105661484
0.7	9.043387322159425
0.8	13.49916709198474
0.9	19.220493779898995
1.0	26.36556075066361
1.1	35.09256136903995
1.2	45.55968899978929
1.3	57.925137007672916
1.4	72.34709875745204
1.5	88.983767613888
1.6	107.99333694174196
1.7	129.53400010577516
1.8	153.76395047074888
1.9	180.84138140142412
2.0	210.9244862625624
2.1	244.1714584189248
2.2	280.74049123527254
2.3	320.78977807636664
2.4	364.4775123069686
2.5	411.9618872918396
2.6	463.40109639574064
2.7	518.9533329834334
2.8	578.7767904196782
2.9	643.0296620692371
3.0	711.8701412968712
3.1	785.4564214673416
3.2	863.9466959454088
3.3	947.4991580958346
3.4	1036.2720012833802
3.5	1130.4234188728049
3.6	1230.1116042288652
3.7	1335.494750716309
3.8	1446.7310516998614
3.9	1563.9787005441892
4.0	1687.3958906138216
4.1	1817.1408152729718
4.2	1953.3716678851763
4.3	2096.246641812565
4.4	2245.923930414466
4.5	2402.561727044834
4.6	2566.318225047649
4.7	2737.351617748975
4.8	2915.8200984436276
4.9	3101.8818603734467
5.0	3295.6950966927334
5.1	3497.418000414675
5.2	3707.2087643301193
5.3	3925.2255808870596
5.4	4151.626642015434
5.5	4386.5701388771595
5.6	4630.21426151587
5.7	4882.717198374277
5.8	5144.237135639623
5.9	5414.932256369279
6.0	5694.960739339023
6.1	5984.4807575463965
6.2	6283.650476290348
6.3	6592.6280507368165
6.4	6911.571622867748
6.5	7240.63931769879
6.6	7579.989238638445
6.7	7929.779461849681
6.8	8290.168029463173
6.9	8661.312941480997
7.0	9043.372146199652
7.1	9436.50352897332
7.2	9840.864899131258
7.3	10256.61397485857
7.4	10683.908365846539
7.5	11122.90555351787
7.6	11573.762868633752
7.7	12036.637466093302
7.8	12511.686296742098
7.9	12999.0660760151
8.0	13498.933249249685
8.1	14011.443953517926
8.2	14536.753975841952
8.3	15075.018707673424
8.4	15626.39309553668
8.5	16191.03158775586
8.6	16769.08807720728
8.7	17360.715840061566
8.8	17966.067470503433
8.9	18585.294811440857
9.0	19218.548881240407
9.1	19865.979796549145
9.2	20527.73669128881
9.3	21203.96763193112
9.4	21894.81952918669
9.5	22600.438046262723
9.6	23320.967503865322
9.7	24056.550782143302
9.8	24807.32921978878
9.9	25573.442510527264
10.0	26355.02859724595
10.1	27152.223564022857
10.2	27965.161526331678
10.3	28793.974519708387
10.4	29638.792387173642
10.5	30499.742665712696
10.6	31376.950472118908
10.7	32270.53838851116
10.8	33180.626347836114
10.9	34107.33151966689
11.0	35050.768196607736
11.1	36011.047681610624
11.2	36988.27817650546
11.3	37982.56467203906
11.4	38994.00883971035
11.5	40022.70892568158
11.6	41068.75964703384
11.7	42132.25209062631
11.8	43213.27361480555
11.9	44311.90775419947
12.0	45428.23412781772
12.1	46562.32835066563
12.2	47714.26194906571
12.3	48884.102279866005
12.4	50071.91245369904
12.5	51277.751262441925
12.6	52501.6731110108
12.7	53743.72795360973
12.8	55003.9612345384
12.9	56282.41383364773
13.0	57579.1220165184
13.1	58894.11738942282
13.2	60227.42685911648
13.3	61579.07259749132
13.4	62949.07201110999
13.5	64337.43771562785
13.6	65744.17751509538
13.7	67169.29438612334
13.8	68612.78646688098
13.9	70074.64705088637
14.0	71554.86458553812
14.1	73053.4226753276
14.2	74570.30008966154
14.3	76105.4707752173
14.4	77658.90387274273
14.5	79230.5637382084
14.6	80820.4099682098
14.7	82428.39742951356
14.8	84054.47629263387
14.9	85698.59206932173
15.0	87360.68565384451
15.1	89040.69336792854
15.2	90738.54700923518
15.3	92454.17390323618
15.4	94187.49695835388
15.5	95938.43472422642
15.6	97706.90145296011
15.7	99492.8071632268
15.8	101296.05770706465
15.9	103116.55483924097
16.0	104954.196289034
16.1	106808.87583429173
16.2	108680.48337762662
16.3	110568.90502460598
16.4	112474.02316379728
16.5	114395.71654853267
16.6	116333.86038025451
16.7	118288.32639330842
16.8	120258.98294105261
16.9	122245.69508315192
17.0	124248.32467393066
17.1	126266.73045165894
17.2	128300.768128651
17.3	130350.29048205663
17.4	132415.14744522955
17.5	134495.18619956053
17.6	136590.25126666494
17.7	138700.18460081983
17.8	140824.825681547
17.9	142964.01160624187
18.0	145117.57718275447
18.1	147285.35502182748
18.2	149467.17562930405
18.3	151662.86749802018
18.4	153872.25719929714
18.5	156095.1694739591
18.6	158331.42732279826
18.7	160580.85209641594
18.8	162843.26358437465
18.9	165118.48010359026
19.0	167406.31858591046
19.1	169706.5946648143
19.2	172019.12276118263
19.3	174343.71616808517
19.4	176680.18713453703
19.5	179028.34694817843
19.6	181388.00601683385
19.7	183758.97394891482
19.8	186141.05963262424
19.9	188534.07131393257
20.0	190937.81667329292
20.1	193352.10290106546
20.2	195776.73677162686
20.3	198211.52471614038
20.4	200656.27289396443
20.5	203110.78726268263
20.6	205574.87364673679
20.7	208048.33780464964
20.8	210530.9854948251
20.9	213022.62253991325
21.0	215523.05488973597
21.1	218032.088682762
21.2	220549.53030613
21.3	223075.18645421488
21.4	225608.8641857365
21.5	228150.37097941103
21.6	230699.5147881455
21.7	233256.10409178073
21.8	235819.94794838483
21.9	238390.8560441038
22.0	240968.63874157725
22.1	243553.1071269251
22.2	246144.07305531605
22.3	248741.3491951286
22.4	251344.74907071257
22.5	253954.08710376866
22.6	256569.1786533522
22.7	259189.84005452142
22.8	261815.88865564036
22.9	264447.14285435353
23.0	267083.4221322476
23.1	269724.54708821647
23.2	272370.3394705479
23.3	275020.6222077482
23.4	277675.2194381214
23.5	280333.9565381264
23.6	282996.66014952445
23.7	285663.15820534126
23.8	288333.27995466127
23.9	291006.8559862723
24.0	293683.71825118444
24.1	296363.7000840389
24.2	299046.63622343086
24.3	301732.36283116566
24.4	304420.7175104665
24.5	307111.5393231606
24.6	309804.6688058553
24.7	312499.9479851363
24.8	315197.2203917983
24.9	317896.33107413515
25.0	320597.1266103096
25.1	323299.45511982095
25.2	326003.1662740937
25.3	328708.11130620766
25.4	331414.1430197882
25.5	334121.1157970793
25.6	336828.88560621766
25.7	339537.31000773044
25.8	342246.2481602739
25.9	344955.5608256343
26.0	347665.110373012
26.1	350374.7607826032
26.2	353084.37764850556
26.3	355793.8281809612
26.4	358502.9812079572
26.5	361211.707176205
26.6	363919.87815151206
26.7	366627.3678185679
26.8	369334.0514801614
26.9	372039.8060558454
27.0	374744.51008006727
27.1	377448.0436997827
27.2	380150.2886715683
27.3	382851.12835825107
27.4	385550.4477250685
27.5	388248.13333537953
27.6	390944.07334593614
27.7	393638.15750173654
27.8	396330.27713047236
27.9	399020.32513658376
28.0	401708.1959949396
28.1	404393.7857441552
28.2	407076.9919795614
28.3	409757.7138458412
28.4	412435.8520293425
28.5	415111.308750086
28.6	417783.9877534763
28.7	420453.79430173116
28.8	423120.6351650417
28.9	425784.4186124723
29.0	428445.0544026166
29.1	431102.45377401693
29.2	433756.5294353622
29.3	436407.1955554702
29.4	439054.36775307026
29.5	441697.9630863951
29.6	444337.90004258737
29.7	446974.0985269391
29.8	449606.4798519676
29.9	452234.9667263373
30.0	454859.48324364226
30.1	457479.9548710499
30.2	460096.3084378227
30.3	462708.4721237213
30.4	465316.3754472977
30.5	467919.9492540892
30.6	470519.12570471823
30.7	473113.8382629071
30.8	475704.0216834132
30.9	478289.61199989385
31.0	480870.54651270807
31.1	483446.7637766575
31.2	486018.2035886795
31.3	488584.8069754938
31.4	491146.51618120994
31.5	493703.27465490357
31.6	496255.02703816385
31.7	498801.7191526209
31.8	501343.2979874554
31.9	503879.71168689866
32.0	506410.9095377262
32.1	508936.8419567493
32.2	511457.46047831076
32.3	513972.7177417893
32.4	516482.56747911585
32.5	518986.9645023047
32.6	521485.86469100846
32.7	523979.22498009476
32.8	526467.0033472526
32.9	528949.1588006304
33.0	531425.6513665083
33.1	533896.4420770119
33.2	536361.4929578635
33.3	538820.7670161828
33.4	541274.2282283329
33.5	543721.841527817
33.6	546163.5727932301
33.7	548599.3888362653
33.8	551029.2573897791
33.9	553453.1470959182
34.0	555871.0274943084
34.1	558282.8690103096
34.2	560688.6429433365
34.3	563088.321455253
34.4	565481.8775588323
34.5	567869.2851062933
34.6	570250.5187779109
34.7	572625.554070702
34.8	574994.3672871911
34.9	577356.9355242521
35.0	579713.2366620325
35.1	582063.24935296
35.2	584406.9530108297
35.3	586744.3277999777
35.4	589075.3546245381
35.5	591400.0151177875
35.6	593718.2916315751
35.7	596030.1672258412
35.8	598335.6256582239
35.9	600634.6513737566
36.0	602927.2294946526
36.1	605213.3458101833
36.2	607492.9867666444
36.3	609766.1394574156
36.4	612032.7916131124
36.5	614292.9315918301
36.6	616546.5483694766
36.7	618793.6315302054
36.8	621034.1712569358
36.9	623268.1583219684
37.0	625495.5840776946
37.1	627716.4404473988
37.2	629930.7199161558
37.3	632138.4155218184
37.4	634339.5208461039
37.5	636534.0300057702
37.6	638721.9376438857
37.7	640903.2389211952
37.8	643077.9295075769
37.9	645246.0055735941
38.0	647407.4637821369
38.1	649562.3012801616
38.2	651710.515690517
38.3	653852.1051038672
38.4	655987.0680707042
38.5	658115.4035934526
38.6	660237.1111186651
38.7	662352.1905293093
38.8	664460.6421371443
38.9	666562.4666751894
39.0	668657.6652902783
39.1	670746.2395357062
39.2	672828.191363965
39.3	674903.523119564
39.4	676972.2375319417
39.5	679034.3377084621
39.6	681089.8271275
39.7	683138.70963161
39.8	685180.989420783
39.9	687216.671045786
40.0	689245.7594015884
40.1	691268.2597208695
40.2	693284.1775676107
40.3	695293.5188307714
40.4	697296.2897180447
40.5	699292.4967496945
40.6	701282.146752476
40.7	703265.2468536329
40.8	705241.8044749761
40.9	707211.8273270424
41.0	709175.3234033254
41.1	711132.3009745928
41.2	713082.768583273
41.3	715026.7350379208
41.4	716964.2094077591
41.5	718895.201017295
41.6	720819.7194410079
41.7	722737.7744981145
41.8	724649.3762474033
41.9	726554.5349821438
42.0	728453.2612250652
42.1	730345.5657234067
42.2	732231.4594440366
42.3	734110.9535686426
42.4	735984.0594889891
42.5	737850.7888022421
42.6	739711.1533063642
42.7	741565.1649955712
42.8	743412.836055859
42.9	745254.1788605943
43.0	747089.2059661677
43.1	748917.9301077127
43.2	750740.3641948886
43.3	752556.521307722
43.4	754366.4146925148
43.5	756170.057757809
43.6	757967.464070414
43.7	759758.6473514942
43.8	761543.6214727126
43.9	763322.4004524375
44.0	765094.9984520009
44.1	766861.4297720196
44.2	768621.708848768
44.3	770375.8502506104
44.4	772123.8686744857
44.5	773865.7789424472
44.6	775601.5959982558
44.7	777331.3349040289
44.8	779055.0108369368
44.9	780772.639085956
45.0	782484.2350486697
45.1	784189.8142281213
45.2	785889.3922297178
45.3	787582.98475818
45.4	789270.6076145463
45.5	790952.2766932175
45.6	792628.0079790568
45.7	794297.8175445318
45.8	795961.7215469027
45.9	797619.7362254609
46.0	799271.8778988061
46.1	800918.1629621732
46.2	802558.6078848019
46.3	804193.2292073473
46.4	805822.0435393366
46.5	807445.0675566676
46.6	809062.3179991454
46.7	810673.811668066
46.8	812279.5654238361
46.9	813879.596183635
47.0	815473.9209191141
47.1	817062.5566541409
47.2	818645.5204625723
47.3	820222.8294660763
47.4	821794.500831983
47.5	823360.5517711766
47.6	824920.9995360235
47.7	826475.8614183356
47.8	828025.1547473691
47.9	829568.8968878611
48.0	831107.105238094
48.1	832639.7972280023
48.2	834166.9903173072
48.3	835688.7019936866
48.4	837204.9497709768
48.5	838715.7511874078
48.6	840221.1238038681
48.7	841721.085202204
48.8	843215.6529835456
48.9	844704.8447666689
49.0	846188.6781863805
49.1	847667.170891939
49.2	849140.3405455017
49.3	850608.2048205988
49.4	852070.7814006414
49.5	853528.0879774515
49.6	854980.1422498219
49.7	856426.9619221041
49.8	857868.5647028217
49.9	859304.9683033103
50.0	860736.1904363841
50.1	862162.2488150258
50.2	863583.1611511046
50.3	864998.9451541178
50.4	866409.6185299559
50.5	867815.1989796932
50.6	869215.7041984012
50.7	870611.151873986
50.8	872001.5596860482
50.9	873386.9453047654
51.0	874767.3263897976
51.1	876142.7205892149
51.2	877513.1455384452
51.3	878878.6188592447
51.4	880239.1581586887
51.5	881594.7810281846
51.6	882945.5050425023
51.7	884291.3477588284
51.8	885632.3267158365
51.9	886968.4594327796
52.0	888299.7634085993
52.1	889626.256121059
52.2	890947.9550258864
52.3	892264.8775559451
52.4	893577.0411204152
52.5	894884.4631039972
52.6	896187.1608661308
52.7	897485.1517402324
52.8	898778.4530329468
52.9	900067.0820234198
53.0	901351.0559625826
53.1	902630.3920724557
53.2	903905.107545467
53.3	905175.2195437852
53.4	906440.7451986714
53.5	907701.7016098411
53.6	908958.1058448448
53.7	910209.9749384631
53.8	911457.3258921127
53.9	912700.1756732719
54.0	913938.541214914
54.1	915172.4394149613
54.2	916401.8871357448
54.3	917626.9012034846
54.4	918847.4984077784
54.5	920063.6955011045
54.6	921275.5091983365
54.7	922482.9561762741
54.8	923686.0530731801
54.9	924884.8164883344
55.0	926079.2629815972
55.1	927269.4090729852
55.2	928455.2712422579
55.3	929636.8659285171
55.4	930814.209529815
55.5	931987.318402775
55.6	933156.2088622225
55.7	934320.8971808262
55.8	935481.3995887496
55.9	936637.7322733143
56.0	937789.9113786692
56.1	938937.9530054741
56.2	940081.8732105911
56.3	941221.6880067838
56.4	942357.413362429
56.5	943489.0652012345
56.6	944616.6594019694
56.7	945740.211798198
56.8	946859.7381780294
56.9	947975.2542838685
57.0	949086.7758121797
57.1	950194.3184132591
57.2	951297.8976910114
57.3	952397.5292027392
57.4	953493.228458936
57.5	954585.0109230888
57.6	955672.8920114886
57.7	956756.8870930483
57.8	957837.011489127
57.9	958913.2804733604
58.0	959985.7092715028
58.1	961054.3130612696
58.2	962119.1069721909
58.3	963180.106085473
58.4	964237.3254338603
58.5	965290.7800015089
58.6	966340.4847238674
58.7	967386.4544875572
58.8	968428.7041302655
58.9	969467.2484406432
59.0	970502.1021582041
59.1	971533.2799732353
59.2	972560.7965267105
59.3	973584.6664102091
59.4	974604.9041658406
59.5	975621.5242861756
59.6	976634.5412141797
59.7	977643.9693431559
59.8	978649.8230166867
59.9	979652.1165285883
60.0	980650.8641228627
60.1	981646.0799936589
60.2	982637.778285238
60.3	983625.97309194
60.4	984610.6784581606
60.5	985591.9083783259
60.6	986569.6767968762
60.7	987543.997608254
60.8	988514.8846568903
60.9	989482.3517372037
61.0	990446.4125935965
61.1	991407.0809204569
61.2	992364.3703621676
61.3	993318.2945131132
61.4	994268.8669176953
61.5	995216.1010703489
61.6	996160.0104155643
61.7	997100.6083479102
61.8	998037.9082120616
61.9	998971.9233028311
62.0	999902.6668652024
62.1	1000830.1520943674
62.2	1001754.3921357671
62.3	1002675.400085135
62.4	1003593.1889885429
62.5	1004507.7718424506
62.6	1005419.1615937572
62.7	1006327.3711398575
62.8	1007232.4133286978
62.9	1008134.300958837
63.0	1009033.0467795104
63.1	1009928.6634906923
63.2	1010821.163743167
63.3	1011710.5601385973
63.4	1012596.865229598
63.5	1013480.0915198092
63.6	1014360.2514639767
63.7	1015237.3574680284
63.8	1016111.4218891574
63.9	1016982.4570359061
64.0	1017850.4751682512
64.1	1018715.4884976922
64.2	1019577.5091873406
64.3	1020436.5493520123
64.4	1021292.6210583214
64.5	1022145.7363247743
64.6	1022995.907121869
64.7	1023843.1453721924
64.8	1024687.4629505221
64.9	1025528.8716839288
65.0	1026367.3833518786
65.1	1027203.0096863412
65.2	1028035.7623718954
65.3	1028865.6530458371
65.4	1029692.6932982921
65.5	1030516.8946723238
65.6	1031338.2686640501
65.7	1032156.8267227539
65.8	1032972.5802510018
65.9	1033785.5406047584
66.0	1034595.7190935059
66.1	1035403.1269803622
66.2	1036207.7754822043
66.3	1037009.6757697844
66.4	1037808.8389678583
66.5	1038605.2761553047
66.6	1039398.9983652533
66.7	1040190.0165852089
66.8	1040978.3417571783
66.9	1041763.9847777976
67.0	1042546.9564984617
67.1	1043327.2677254548
67.2	1044104.9292200779
67.3	1044879.9516987823
67.4	1045652.3458333014
67.5	1046422.1222507822
67.6	1047189.2915339213
67.7	1047953.864221096
67.8	1048715.8508065022
67.9	1049475.2617402882
68.0	1050232.1074286923
68.1	1050986.3982341785
68.2	1051738.1444755765
68.3	1052487.3564282148
68.4	1053234.0443240663
68.5	1053978.2183518813
68.6	1054719.8886573315
68.7	1055459.0653431474
68.8	1056195.7584692622
68.9	1056929.9780529481
69.0	1057661.734068964
69.1	1058391.0364496917
69.2	1059117.8950852829
69.3	1059842.3198237985
69.4	1060564.3204713543
69.5	1061283.906792263
69.6	1062001.088509178
69.7	1062715.8753032389
69.8	1063428.2768142133
69.9	1064138.302640644
70.0	1064845.9623399915
70.1	1065551.265428782
70.2	1066254.22138275
70.3	1066954.8396369838
70.4	1067653.1295860747
70.5	1068349.1005842572
70.6	1069042.7619455608
70.7	1069734.1229439515
70.8	1070423.1928134807
70.9	1071109.9807484308
71.0	1071794.495903461
71.1	1072476.7473937545
71.2	1073156.744295166
71.3	1073834.495644366
71.4	1074510.0104389898
71.5	1075183.297637782
71.6	1075854.366160745
71.7	1076523.2248892859
71.8	1077189.8826663613
71.9	1077854.348296625
72.0	1078516.6305465763
72.1	1079176.738144703
72.2	1079834.6797816309
72.3	1080490.4641102701
72.4	1081144.0997459597
72.5	1081795.595266615
72.6	1082444.959212875
72.7	1083092.2000882465
72.8	1083737.3263592506
72.9	1084380.34645557
73.0	1085021.2687701934
73.1	1085660.101659561
73.2	1086296.8534437108
73.3	1086931.5324064235
73.4	1087564.146795367
73.5	1088194.704822243
73.6	1088823.2146629295
73.7	1089449.6844576278
73.8	1090074.122311005
73.9	1090696.5362923378
74.0	1091316.9344356603
74.1	1091935.324739902
74.2	1092551.7151690356
74.3	1093166.1136522186
74.4	1093778.5280839365
74.5	1094388.9663241457
74.6	1094997.4361984155
74.7	1095603.9454980711
74.8	1096208.5019803364
74.9	1096811.1133684719
75.0	1097411.787351921
75.1	1098010.5315864482
75.2	1098607.3536942804
75.3	1099202.2612642476
75.4	1099795.2618519245
75.5	1100386.3629797671
75.6	1100975.5721372562
75.7	1101562.8967810338
75.8	1102148.3443350438
75.9	1102731.9221906702
76.0	1103313.6377068742
76.1	1103893.498210334
76.2	1104471.510995582
76.3	1105047.6833251417
76.4	1105622.0224296642
76.5	1106194.5355080662
76.6	1106765.229727664
76.7	1107334.1122243134
76.8	1107901.19010254
76.9	1108466.4704356787
77.0	1109029.9602660062
77.1	1109591.6666048763
77.2	1110151.5964328537
77.3	1110709.7566998473
77.4	1111266.1543252442
77.5	1111820.7961980428
77.6	1112373.6891769834
77.7	1112924.8400906827
77.8	1113474.2557377643
77.9	1114021.94288699
78.0	1114567.908277392
78.1	1115112.1586184006
78.2	1115654.7005899781
78.3	1116195.5408427452
78.4	1116734.6859981122
78.5	1117272.142648407
78.6	1117807.917357005
78.7	1118342.0166584551
78.8	1118874.447058609
78.9	1119405.2150347473
79.0	1119934.3270357077
79.1	1120461.7894820103
79.2	1120987.608765984
79.3	1121511.7912518908
79.4	1122034.3432760548
79.5	1122555.271146982
79.6	1123074.581145487
79.7	1123592.2795248183
79.8	1124108.3725107776
79.9	1124622.8663018476
80.0	1125135.767069311
80.1	1125647.0809573743
80.2	1126156.8140832891
80.3	1126664.9725374738
80.4	1127171.5623836324
80.5	1127676.5896588794
80.6	1128180.0603738534
80.7	1128681.9805128432
80.8	1129182.356033901
80.9	1129681.1928689654
81.0	1130178.4969239782
81.1	1130674.2740790006
81.2	1131168.5301883332
81.3	1131661.271080631
81.4	1132152.5025590197
81.5	1132642.2304012137
81.6	1133130.4603596288
81.7	1133617.1981615
81.8	1134102.4495089946
81.9	1134586.2200793265
82.0	1135068.515524871
82.1	1135549.3414732763
82.2	1136028.7035275789
82.3	1136506.6072663136
82.4	1136983.058243627
82.5	1137458.0619893891
82.6	1137931.6240093028
82.7	1138403.749785017
82.8	1138874.444774235
82.9	1139343.7144108254
83.0	1139811.5641049296
83.1	1140277.9992430743
83.2	1140743.0251882758
83.3	1141206.6472801513
83.4	1141668.8708350244
83.5	1142129.7011460334
83.6	1142589.1434832376
83.7	1143047.203093724
83.8	1143503.885201712
83.9	1143959.1950086604
84.0	1144413.1376933714
84.1	1144865.7184120947
84.2	1145316.9422986335
84.3	1145766.8144644445
84.4	1146215.3399987465
84.5	1146662.5239686177
84.6	1147108.3714191017
84.7	1147552.8873733077
84.8	1147996.0768325126
84.9	1148437.9447762624
85.0	1148878.4961624723
85.1	1149317.7359275261
85.2	1149755.668986378
85.3	1150192.3002326502
85.4	1150627.6345387322
85.5	1151061.6767558802
85.6	1151494.431714314
85.7	1151925.904223315
85.8	1152356.0990713236
85.9	1152785.0210260362
86.0	1153212.6748345005
86.1	1153639.065223213
86.2	1154064.1968982136
86.3	1154488.0745451795
86.4	1154910.7028295235
86.5	1155332.0863964844
86.6	1155752.2298712225
86.7	1156171.1378589137
86.8	1156588.814944841
86.9	1157005.2656944885
87.0	1157420.4946536329
87.1	1157834.5063484346
87.2	1158247.3052855318
87.3	1158658.8959521272
87.4	1159069.2828160825
87.5	1159478.4703260064
87.6	1159886.4629113453
87.7	1160293.264982472
87.8	1160698.8809307746
87.9	1161103.3151287464
88.0	1161506.5719300716
88.1	1161908.655669716
88.2	1162309.5706640116
88.3	1162709.3212107455
88.4	1163107.9115892453
88.5	1163505.3460604656
88.6	1163901.6288670746
88.7	1164296.7642335375
88.8	1164690.756366204
88.9	1165083.6094533913
89.0	1165475.327665468
89.1	1165865.9151549388
89.2	1166255.3760565282
89.3	1166643.7144872623
89.4	1167030.934546553
89.5	1167417.0403162793
89.6	1167802.035860868
89.7	1168185.9252273794
89.8	1168568.7124455834
89.9	1168950.4015280434
90.0	1169330.9964701957
90.1	1169710.5012504298
90.2	1170088.9198301681
90.3	1170466.2561539444
90.4	1170842.514149485
90.5	1171217.6977277836
90.6	1171591.810783183
90.7	1171964.857193451
90.8	1172336.8408198582
90.9	1172707.7655072557
91.0	1173077.6350841515
91.1	1173446.453362786
91.2	1173814.2241392082
91.3	1174180.9511933539
91.4	1174546.6382891168
91.5	1174911.289174427
91.6	1175274.9075813238
91.7	1175637.4972260294
91.8	1175999.061809025
91.9	1176359.6050151223
92.0	1176719.1305135377
92.1	1177077.641957964
92.2	1177435.142986645
92.3	1177791.6372224456
92.4	1178147.1282729243
92.5	1178501.619730405
92.6	1178855.1151720474
92.7	1179207.6181599183
92.8	1179559.132241063
92.9	1179909.6609475727
93.0	1180259.2077966572
93.1	1180607.7762907124
93.2	1180955.3699173909
93.3	1181301.992149669
93.4	1181647.6464459167
93.5	1181992.3362499648
93.6	1182336.0649911743
93.7	1182678.836084501
93.8	1183020.6529305654
93.9	1183361.5189157187
94.0	1183701.437412108
94.1	1184040.4117777457
94.2	1184378.4453565702
94.3	1184715.5414785172
94.4	1185051.703459581
94.5	1185386.9346018801
94.6	1185721.2381937243
94.7	1186054.617509675
94.8	1186387.0758106124
94.9	1186718.6163437972
95.0	1187049.2423429359
95.1	1187378.9570282418
95.2	1187707.763606499
95.3	1188035.6652711248
95.4	1188362.6652022314
95.5	1188688.7665666873
95.6	1189013.9725181812
95.7	1189338.2861972803
95.8	1189661.7107314928
95.9	1189984.2492353278
96.0	1190305.9048103571
96.1	1190626.680545274
96.2	1190946.5795159533
96.3	1191265.6047855108
96.4	1191583.7594043629
96.5	1191901.0464102854
96.6	1192217.4688284707
96.7	1192533.0296715896
96.8	1192847.7319398455
96.9	1193161.5786210345
97.0	1193474.5726906015
97.1	1193786.7171116993
97.2	1194098.0148352443
97.3	1194408.4687999717
97.4	1194718.0819324958
97.5	1195026.8571473616
97.6	1195334.7973471044
97.7	1195641.9054223034
97.8	1195948.1842516365
97.9	1196253.6367019366
98.0	1196558.2656282473
98.1	1196862.0738738736
98.2	1197165.0642704407
98.3	1197467.2396379444
98.4	1197768.602784807
98.5	1198069.15650793
98.6	1198368.9035927465
98.7	1198667.8468132752
98.8	1198965.988932173
98.9	1199263.3327007864
99.0	1199559.8808592043
99.1	1199855.6361363109
99.2	1200150.6012498348
99.3	1200444.7789064038
99.4	1200738.1718015918
99.5	1201030.7826199743
99.6	1201322.6140351745
99.7	1201613.6687099177
99.8	1201903.949296078
99.9	1202193.4584347315
100.0	1202482.1987562026
100.1	1202770.1728801169
100.2	1203057.3834154457
100.3	1203343.8329605612
100.4	1203629.5241032783
100.5	1203914.4594209087
100.6	1204198.6414803057
100.7	1204482.072837914
100.8	1204764.756039816
100.9	1205046.6936217796
101.0	1205327.8881093075
101.1	1205608.342017681
101.2	1205888.057852009
101.3	1206167.0381072736
101.4	1206445.2852683773
101.5	1206722.801810188
101.6	1206999.590197586
101.7	1207275.6528855083
101.8	1207550.9923189955
101.9	1207825.6109332363
102.0	1208099.5111536123
102.1	1208372.6953957437
102.2	1208645.1660655318
102.3	1208916.925559206
102.4	1209187.9762633664
102.5	1209458.3205550273
102.6	1209727.960801662
102.7	1209996.8993612456
102.8	1210265.1385822976
102.9	1210532.680803928
103.0	1210799.5283558755
103.1	1211065.6835585537
103.2	1211331.148723092
103.3	1211595.926151378
103.4	1211860.0181361001
103.5	1212123.426960788
103.6	1212386.154899856
103.7	1212648.2042186426
103.8	1212909.5771734535
103.9	1213170.2760116002
104.0	1213430.3029714434
104.1	1213689.6602824323
104.2	1213948.350165144
104.3	1214206.374831326
104.4	1214463.7364839343
104.5	1214720.4373171732
104.6	1214976.4795165362
104.7	1215231.8652588448
104.8	1215486.5967122873
104.9	1215740.676036457
105.0	1215994.105382394
105.1	1216246.88689262
105.2	1216499.0227011808
105.3	1216750.5149336802
105.4	1217001.365707321
105.5	1217251.5771309435
105.6	1217501.1513050594
105.7	1217750.0903218936
105.8	1217998.3962654185
105.9	1218246.071211393
106.0	1218493.1172273983
106.1	1218739.5363728756
106.2	1218985.3306991616
106.3	1219230.502249526
106.4	1219475.0530592063
106.5	1219718.985155446
106.6	1219962.3005575293
106.7	1220205.0012768153
106.8	1220447.0893167765
106.9	1220688.5666730322
107.0	1220929.4353333844
107.1	1221169.697277852
107.2	1221409.3544787068
107.3	1221648.4089005075
107.4	1221886.862500134
107.5	1222124.717226822
107.6	1222361.975022198
107.7	1222598.6378203111
107.8	1222834.70754767
107.9	1223070.1861232738
108.0	1223305.075458646
108.1	1223539.3774578704
108.2	1223773.09401762
108.3	1224006.2270271936
108.4	1224238.7783685483
108.5	1224470.7499163295
108.6	1224702.1435379055
108.7	1224932.9610934015
108.8	1225163.2044357264
108.9	1225392.8754106122
109.0	1225621.9758566394
109.1	1225850.5076052723
109.2	1226078.47248089
109.3	1226305.8723008174
109.4	1226532.708875356
109.5	1226758.9840078165
109.6	1226984.6994945486
109.7	1227209.857124972
109.8	1227434.4586816072
109.9	1227658.5059401074
110.0	1227882.0006692857
110.1	1228104.9446311481
110.2	1228327.3395809229
110.3	1228549.1872670897
110.4	1228770.489431411
110.5	1228991.2478089607
110.6	1229211.4641281518
110.7	1229431.1401107705
110.8	1229650.2774720006
110.9	1229868.8779204548
111.0	1230086.9431582044
111.1	1230304.4748808066
111.2	1230521.4747773323
111.3	1230737.9445303988
111.4	1230953.8858161932
111.5	1231169.3003045032
111.6	1231384.1896587452
111.7	1231598.5555359917
111.8	1231812.399586999
111.9	1232025.7234562363
112.0	1232238.5287819107
112.1	1232450.8171959969
112.2	1232662.5903242643
112.3	1232873.8497863028
112.4	1233084.5971955503
112.5	1233294.834159321
112.6	1233504.56227883
112.7	1233713.7831492221
112.8	1233922.4983595968
112.9	1234130.7094930348
113.0	1234338.4181266248
113.1	1234545.6258314901
113.2	1234752.3341728135
113.3	1234958.544709863
113.4	1235164.2589960191
113.5	1235369.4785788
113.6	1235574.2049998855
113.7	1235778.4397951437
113.8	1235982.1844946565
113.9	1236185.4406227444
114.0	1236388.2096979914
114.1	1236590.4932332702
114.2	1236792.292735766
114.3	1236993.6097070028
114.4	1237194.4456428662
114.5	1237394.8020336293
114.6	1237594.6803639766
114.7	1237794.082113028
114.8	1237993.008754362
114.9	1238191.461756041
115.0	1238389.4425806357
115.1	1238586.952685246
115.2	1238783.9935215279
115.3	1238980.5665357148
115.4	1239176.6731686422
115.5	1239372.3148557693
115.6	1239567.493027205
115.7	1239762.2091077275
115.8	1239956.4645168104
115.9	1240150.260668643
116.0	1240343.5989721552
116.1	1240536.4808310375
116.2	1240728.9076437668
116.3	1240920.8808036265
116.4	1241112.4016987288
116.5	1241303.4717120389
116.6	1241494.092221393
116.7	1241684.2645995256
116.8	1241873.9902140885
116.9	1242063.2704276703
117.0	1242252.1065978233
117.1	1242440.500077081
117.2	1242628.452212981
117.3	1242815.9643480864
117.4	1243003.0378200067
117.5	1243189.6739614194
117.6	1243375.8741000902
117.7	1243561.6395588955
117.8	1243746.9716558408
117.9	1243931.871704085
118.0	1244116.341011957
118.1	1244300.3808829794
118.2	1244483.9926158874
118.3	1244667.1775046499
118.4	1244849.936838489
118.5	1245032.271901901
118.6	1245214.183974676
118.7	1245395.674331918
118.8	1245576.7442440644
118.9	1245757.3949769065
119.0	1245937.627791609
119.1	1246117.443944729
119.2	1246296.8446882362
119.3	1246475.8312695322
119.4	1246654.404931469
119.5	1246832.56691237
119.6	1247010.3184460476
119.7	1247187.6607618227
119.8	1247364.5950845433
119.9	1247541.122634604
120.0	1247717.2446279658
120.1	1247892.9622761714
120.2	1248068.2767863676
120.3	1248243.1893613215
120.4	1248417.7011994394
120.5	1248591.8134947869
120.6	1248765.527437103
120.7	1248938.844211823
120.8	1249111.7650000944
120.9	1249284.2909787938
121.0	1249456.423320546
121.1	1249628.1631937437
121.2	1249799.511762562
121.3	1249970.4701869772
121.4	1250141.0396227855
121.5	1250311.2212216193
121.6	1250481.0161309645
121.7	1250650.4254941794
121.8	1250819.45045051
121.9	1250988.0921351085
122.0	1251156.3516790494
122.1	1251324.2302093478
122.2	1251491.7288489752
122.3	1251658.8487168765
122.4	1251825.5909279876
122.5	1251991.9565932518
122.6	1252157.9468196344
122.7	1252323.5627101434
122.8	1252488.8053638416
122.9	1252653.6758758663
123.0	1252818.1753374438
123.1	1252982.3048359063
123.2	1253146.0654547068
123.3	1253309.4582734378
123.4	1253472.484367845
123.5	1253635.1448098442
123.6	1253797.4406675373
123.7	1253959.3730052265
123.8	1254120.942883433
123.9	1254282.15135891
124.0	1254442.9994846587
124.1	1254603.4883099454
124.2	1254763.6188803157
124.3	1254923.3922376093
124.4	1255082.8094199765
124.5	1255241.8714618925
124.6	1255400.5793941724
124.7	1255558.9342439892
124.8	1255716.9370348828
124.9	1255874.5887867825
125.0	1256031.890516014
125.1	1256188.8432353213
125.2	1256345.4479538759
125.3	1256501.7056772956
125.4	1256657.617407655
125.5	1256813.1841435058
125.6	1256968.406879884
125.7	1257123.28660833
125.8	1257277.8243169007
125.9	1257432.0209901843
126.0	1257585.8776093135
126.1	1257739.3951519812
126.2	1257892.5745924525
126.3	1258045.4169015815
126.4	1258197.923046822
126.5	1258350.0939922445
126.6	1258501.9306985466
126.7	1258653.4341230707
126.8	1258804.605219815
126.9	1258955.4449394464
127.0	1259105.954229318
127.1	1259256.134033477
127.2	1259405.9852926834
127.3	1259555.5089444194
127.4	1259704.7059229068
127.5	1259853.5771591144
127.6	1260002.1235807778
127.7	1260150.3461124075
127.8	1260298.2456753044
127.9	1260445.8231875729
128.0	1260593.0795641313
128.1	1260740.0157167278
128.2	1260886.6325539527
128.3	1261032.9309812495
128.4	1261178.911900928
128.5	1261324.5762121798
128.6	1261469.9248110869
128.7	1261614.9585906367
128.8	1261759.6784407333
128.9	1261904.0852482112
129.0	1262048.1798968464
129.1	1262191.9632673694
129.2	1262335.4362374775
129.3	1262478.599681846
129.4	1262621.454472142
129.5	1262764.0014770352
129.6	1262906.2415622103
129.7	1263048.1755903794
129.8	1263189.8044212929
129.9	1263331.1289117525
130.0	1263472.1499156223
130.1	1263612.8682838415
130.2	1263753.2848644345
130.3	1263893.400502523
130.4	1264033.2160403403
130.5	1264172.7323172388
130.6	1264311.9501697032
130.7	1264450.8704313631
130.8	1264589.4939330027
130.9	1264727.8215025733
131.0	1264865.8539652037
131.1	1265003.592143212
131.2	1265141.0368561167
131.3	1265278.188920648
131.4	1265415.0491507582
131.5	1265551.6183576337
131.6	1265687.8973497048
131.7	1265823.8869326585
131.8	1265959.587909447
131.9	1266095.0010803014
132.0	1266230.127242739
132.1	1266364.9671915772
132.2	1266499.5217189433
132.3	1266633.7916142836
132.4	1266767.7776643755
132.5	1266901.4806533386
132.6	1267034.9013626436
132.7	1267168.040571124
132.8	1267300.8990549855
132.9	1267433.4775878175
133.0	1267565.7769406023
133.1	1267697.7978817266
133.2	1267829.5411769904
133.3	1267961.0075896182
133.4	1268092.197880269
133.5	1268223.1128070455
133.6	1268353.7531255053
133.7	1268484.1195886699
133.8	1268614.2129470366
133.9	1268744.0339485854
134.0	1268873.583338791
134.1	1269002.8618606324
134.2	1269131.8702546023
134.3	1269260.609258717
134.4	1269389.0796085256
134.5	1269517.28203712
134.6	1269645.217275146
134.7	1269772.8860508099
134.8	1269900.2890898895
134.9	1270027.4271157454
135.0	1270154.3008493267
135.1	1270280.9110091836
135.2	1270407.2583114756
135.3	1270533.3434699802
135.4	1270659.1671961034
135.5	1270784.7301988879
135.6	1270910.0331850227
135.7	1271035.0768588528
135.8	1271159.8619223863
135.9	1271284.3890753072
136.0	1271408.65901498
136.1	1271532.6724364634
136.2	1271656.430032513
136.3	1271779.932493598
136.4	1271903.1805079035
136.5	1272026.174761342
136.6	1272148.915937563
136.7	1272271.4047179609
136.8	1272393.6417816821
136.9	1272515.6278056372
137.0	1272637.3634645063
137.1	1272758.8494307492
137.2	1272880.0863746144
137.3	1273001.0749641461
137.4	1273121.8158651942
137.5	1273242.3097414214
137.6	1273362.5572543137
137.7	1273482.5590631857
137.8	1273602.3158251916
137.9	1273721.828195333
138.0	1273841.0968264658
138.1	1273960.1223693094
138.2	1274078.9054724567
138.3	1274197.4467823782
138.4	1274315.746943433
138.5	1274433.806597877
138.6	1274551.6263858697
138.7	1274669.206945483
138.8	1274786.5489127086
138.9	1274903.6529214666
139.0	1275020.5196036135
139.1	1275137.1495889483
139.2	1275253.5435052232
139.3	1275369.70197815
139.4	1275485.6256314067
139.5	1275601.3150866476
139.6	1275716.7709635089
139.7	1275831.9938796181
139.8	1275946.9844506008
139.9	1276061.7432900874
140.0	1276176.271009723
140.1	1276290.5682191728
140.2	1276404.6355261307
140.3	1276518.4735363259
140.4	1276632.0828535322
140.5	1276745.4640795738
140.6	1276858.6178143313
140.7	1276971.544655754
140.8	1277084.2451998617
140.9	1277196.720040755
141.0	1277308.9697706224
141.1	1277420.9949797464
141.2	1277532.7962565117
141.3	1277644.3741874115
141.4	1277755.729357056
141.5	1277866.862348178
141.6	1277977.773741641
141.7	1278088.4641164464
141.8	1278198.9340497388
141.9	1278309.1841168143
142.0	1278419.2148911287
142.1	1278529.026944302
142.2	1278638.6208461265
142.3	1278747.9971645735
142.4	1278857.1564658005
142.5	1278966.0993141574
142.6	1279074.8262721945
142.7	1279183.337900666
142.8	1279291.6347585416
142.9	1279399.7174030093
143.0	1279507.5863894841
143.1	1279615.2422716124
143.2	1279722.6856012824
143.3	1279829.9169286268
143.4	1279936.9368020317
143.5	1280043.745768142
143.6	1280150.3443718683
143.7	1280256.7331563937
143.8	1280362.91266318
143.9	1280468.8834319734
144.0	1280574.6460008118
144.1	1280680.2009060313
144.2	1280785.5486822715
144.3	1280890.6898624822
144.4	1280995.6249779311
144.5	1281100.3545582078
144.6	1281204.8791312308
144.7	1281309.1992232555
144.8	1281413.315358877
144.9	1281517.2280610388
145.0	1281620.9378510385
145.1	1281724.4452485335
145.2	1281827.7507715474
145.3	1281930.854936475
145.4	1282033.7582580894
145.5	1282136.4612495485
145.6	1282238.9644223987
145.7	1282341.268286585
145.8	1282443.3733504503
145.9	1282545.2801207493
146.0	1282646.989102647
146.1	1282748.5007997304
146.2	1282849.81571401
146.3	1282950.9343459287
146.4	1283051.8571943648
146.5	1283152.5847566403
146.6	1283253.1175285252
146.7	1283353.456004244
146.8	1283453.6006764797
146.9	1283553.5520363818
147.0	1283653.3105735697
147.1	1283752.87677614
147.2	1283852.251130672
147.3	1283951.434122231
147.4	1284050.4262343775
147.5	1284149.22794917
147.6	1284247.8397471698
147.7	1284346.2621074498
147.8	1284444.4955075977
147.9	1284542.540423721
148.0	1284640.397330453
148.1	1284738.0667009603
148.2	1284835.5490069436
148.3	1284932.844718647
148.4	1285029.9543048616
148.5	1285126.8782329313
148.6	1285223.6169687572
148.7	1285320.1709768043
148.8	1285416.5407201056
148.9	1285512.726660268
149.0	1285608.7292574756
149.1	1285704.5489704981
149.2	1285800.186256694
149.3	1285895.641572014
149.4	1285990.9153710103
149.5	1286086.0081068382
149.6	1286180.9202312625
149.7	1286275.6521946618
149.8	1286370.2044460354
149.9	1286464.5774330057
150.0	1286558.7716018246
150.1	1286652.787397378
150.2	1286746.6252631925
150.3	1286840.2856414355
150.4	1286933.7689729275
150.5	1287027.0756971396
150.6	1287120.2062522029
150.7	1287213.1610749115
150.8	1287305.9406007284
150.9	1287398.5452637896
151.0	1287490.975496907
151.1	1287583.2317315782
151.2	1287675.3143979865
151.3	1287767.2239250063
151.4	1287858.9607402105
151.5	1287950.5252698723
151.6	1288041.917938971
151.7	1288133.1391711968
151.8	1288224.189388955
151.9	1288315.0690133714
152.0	1288405.778464294
152.1	1288496.3181603032
152.2	1288586.6885187102
152.3	1288676.889955565
152.4	1288766.9228856603
152.5	1288856.7877225368
152.6	1288946.4848784842
152.7	1289036.01476455
152.8	1289125.3777905414
152.9	1289214.5743650317
153.0	1289303.6048953608
153.1	1289392.4697876442
153.2	1289481.1694467738
153.3	1289569.7042764258
153.4	1289658.0746790608
153.5	1289746.281055931
153.6	1289834.3238070833
153.7	1289922.2033313653
153.8	1290009.9200264271
153.9	1290097.4742887267
154.0	1290184.8665135344
154.1	1290272.097094937
154.2	1290359.1664258414
154.3	1290446.0748979796
154.4	1290532.822901911
154.5	1290619.4108270302
154.6	1290705.8390615669
154.7	1290792.1079925925
154.8	1290878.2180060241
154.9	1290964.169486627
155.0	1291049.9628180207
155.1	1291135.5983826823
155.2	1291221.0765619485
155.3	1291306.3977360236
155.4	1291391.5622839802
155.5	1291476.570583764
155.6	1291561.4230121986
155.7	1291646.1199449874
155.8	1291730.6617567202
155.9	1291815.0488208765
156.0	1291899.2815098271
156.1	1291983.3601948405
156.2	1292067.2852460851
156.3	1292151.0570326343
156.4	1292234.67592247
156.5	1292318.142282486
156.6	1292401.4564784921
156.7	1292484.6188752172
156.8	1292567.6298363148
156.9	1292650.4897243646
157.0	1292733.1989008775
157.1	1292815.7577263
157.2	1292898.1665600152
157.3	1292980.4257603504
157.4	1293062.5356845758
157.5	1293144.4966889143
157.6	1293226.3091285399
157.7	1293307.9733575825
157.8	1293389.4897291355
157.9	1293470.8585952525
158.0	1293552.0803069572
158.1	1293633.1552142429
158.2	1293714.0836660783
158.3	1293794.8660104102
158.4	1293875.5025941671
158.5	1293955.9937632626
158.6	1294036.3398625986
158.7	1294116.5412360705
158.8	1294196.598226568
158.9	1294276.511175981
159.0	1294356.280425202
159.1	1294435.906314128
159.2	1294515.3891816682
159.3	1294594.7293657425
159.4	1294673.9272032874
159.5	1294752.98303026
159.6	1294831.89718164
159.7	1294910.6699914327
159.8	1294989.3017926747
159.9	1295067.7929174341
160.0	1295146.1436968169
160.1	1295224.3544609672
160.2	1295302.4255390738
160.3	1295380.3572593706
160.4	1295458.1499491406
160.5	1295535.8039347206
160.6	1295613.3195415034
160.7	1295690.6970939406
160.8	1295767.9369155467
160.9	1295845.0393289006
161.0	1295922.0046556517
161.1	1295998.8332165214
161.2	1296075.5253313042
161.3	1296152.0813188753
161.4	1296228.5014971897
161.5	1296304.7861832883
161.6	1296380.935693299
161.7	1296456.950342441
161.8	1296532.8304450263
161.9	1296608.5763144651
162.0	1296684.188263267
162.1	1296759.6666030458
162.2	1296835.0116445194
162.3	1296910.2236975173
162.4	1296985.3030709787
162.5	1297060.2500729607
162.6	1297135.0650106356
162.7	1297209.7481903
162.8	1297284.2999173726
162.9	1297358.7204963993
163.0	1297433.0102310572
163.1	1297507.169424155
163.2	1297581.198377639
163.3	1297655.0973925928
163.4	1297728.8667692428
163.5	1297802.5068069594
163.6	1297876.0178042606
163.7	1297949.4000588157
163.8	1298022.6538674452
163.9	1298095.7795261284
164.0	1298168.7773300016
164.1	1298241.6475733637
164.2	1298314.3905496781
164.3	1298387.0065515744
164.4	1298459.4958708542
164.5	1298531.8587984915
164.6	1298604.095624635
164.7	1298676.2066386135
164.8	1298748.1921289363
164.9	1298820.0523832955
165.0	1298891.7876885724
165.1	1298963.3983308356
165.2	1299034.8845953469
165.3	1299106.2467665628
165.4	1299177.4851281368
165.5	1299248.5999629237
165.6	1299319.5915529798
165.7	1299390.4601795685
165.8	1299461.20612316
165.9	1299531.829663436
166.0	1299602.3310792912
166.1	1299672.710648837
166.2	1299742.968649403
166.3	1299813.1053575405
166.4	1299883.1210490244
166.5	1299953.0159988548
166.6	1300022.7904812633
166.7	1300092.4447697117
166.8	1300161.9791368956
166.9	1300231.3938547478
167.0	1300300.6891944394
167.1	1300369.8654263846
167.2	1300438.9228202407
167.3	1300507.8616449125
167.4	1300576.6821685531
167.5	1300645.3846585678
167.6	1300713.9693816155
167.7	1300782.4366036132
167.8	1300850.7865897354
167.9	1300919.0196044182
168.0	1300987.1359113622
168.1	1301055.135773535
168.2	1301123.0194531712
168.3	1301190.7872117776
168.4	1301258.4393101353
168.5	1301325.9760082995
168.6	1301393.3975656058
168.7	1301460.7042406695
168.8	1301527.8962913882
168.9	1301594.9739749467
169.0	1301661.9375478155
169.1	1301728.7872657573
169.2	1301795.523383826
169.3	1301862.1461563704
169.4	1301928.6558370367
169.5	1301995.05267877
169.6	1302061.336933817
169.7	1302127.5088537289
169.8	1302193.5686893633
169.9	1302259.5166908847
170.0	1302325.3531077702
170.1	1302391.0781888089
170.2	1302456.6921821057
170.3	1302522.1953350815
170.4	1302587.5878944788
170.5	1302652.8701063606
170.6	1302718.042216115
170.7	1302783.104468455
170.8	1302848.0571074246
170.9	1302912.9003763953
171.0	1302977.6345180732
171.1	1303042.2597744998
171.2	1303106.7763870526
171.3	1303171.1845964491
171.4	1303235.4846427483
171.5	1303299.6767653523
171.6	1303363.761203009
171.7	1303427.7381938146
171.8	1303491.6079752152
171.9	1303555.3707840082
172.0	1303619.0268563458
172.1	1303682.5764277359
172.2	1303746.0197330462
172.3	1303809.3570065026
172.4	1303872.5884816947
172.5	1303935.714391576
172.6	1303998.7349684671
172.7	1304061.6504440578
172.8	1304124.461049406
172.9	1304187.1670149453
173.0	1304249.7685704818
173.1	1304312.2659451996
173.2	1304374.6593676605
173.3	1304436.9490658075
173.4	1304499.1352669655
173.5	1304561.2181978456
173.6	1304623.1980845437
173.7	1304685.0751525452
173.8	1304746.8496267267
173.9	1304808.521731356
174.0	1304870.0916900956
174.1	1304931.5597260047
174.2	1304992.926061541
174.3	1305054.1909185613
174.4	1305115.3545183267
174.5	1305176.4170815
174.6	1305237.3788281507
174.7	1305298.239977757
174.8	1305359.0007492064
174.9	1305419.6613607968
175.0	1305480.2220302415
175.1	1305540.6829746675
175.2	1305601.0444106204
175.3	1305661.306554064
175.4	1305721.469620383
175.5	1305781.5338243854
175.6	1305841.4993803026
175.7	1305901.3665017944
175.8	1305961.135401947
175.9	1306020.8062932775
176.0	1306080.3793877347
176.1	1306139.8548967014
176.2	1306199.2330309942
176.3	1306258.5140008696
176.4	1306317.6980160216
176.5	1306376.7852855842
176.6	1306435.7760181352
176.7	1306494.670421697
176.8	1306553.4687037368
176.9	1306612.1710711701
177.0	1306670.7777303632
177.1	1306729.2888871315
177.2	1306787.7047467446
177.3	1306846.025513928
177.4	1306904.251392861
177.5	1306962.3825871833
177.6	1307020.4192999934
177.7	1307078.3617338522
177.8	1307136.210090783
177.9	1307193.9645722741
178.0	1307251.6253792814
178.1	1307309.192712228
178.2	1307366.666771008
178.3	1307424.0477549864
178.4	1307481.3358630012
178.5	1307538.5312933666
178.6	1307595.6342438718
178.7	1307652.644911786
178.8	1307709.5634938567
178.9	1307766.3901863133
179.0	1307823.1251848694
179.1	1307879.768684721
179.2	1307936.3208805535
179.3	1307992.7819665382
179.4	1308049.1521363351
179.5	1308105.4315830984
179.6	1308161.6204994714
179.7	1308217.7190775946
179.8	1308273.727509103
179.9	1308329.6459851293
180.0	1308385.4746963049
180.1	1308441.2138327619
180.2	1308496.8635841347
180.3	1308552.4241395616
180.4	1308607.8956876853
180.5	1308663.2784166555
180.6	1308718.5725141312
180.7	1308773.778167279
180.8	1308828.8955627794
180.9	1308883.9248868234
181.0	1308938.8663251179
181.1	1308993.720062885
181.2	1309048.4862848637
181.3	1309103.1651753122
181.4	1309157.7569180103
181.5	1309212.2616962574
181.6	1309266.6796928772
181.7	1309321.0110902179
181.8	1309375.256070154
181.9	1309429.4148140885
182.0	1309483.4875029519
182.1	1309537.4743172058
182.2	1309591.375436845
182.3	1309645.191041396
182.4	1309698.9213099217
182.5	1309752.5664210198
182.6	1309806.1265528272
182.7	1309859.6018830186
182.8	1309912.9925888106
182.9	1309966.2988469605
183.0	1310019.5208337703
183.1	1310072.6587250852
183.2	1310125.7126962985
183.3	1310178.6829223488
183.4	1310231.5695777263
183.5	1310284.3728364687
183.6	1310337.0928721675
183.7	1310389.7298579665
183.8	1310442.2839665646
183.9	1310494.7553702143
184.0	1310547.144240728
184.1	1310599.4507494757
184.2	1310651.6750673861
184.3	1310703.8173649511
184.4	1310755.8778122235
184.5	1310807.85657882
184.6	1310859.753833924
184.7	1310911.5697462838
184.8	1310963.3044842163
184.9	1311014.9582156073
185.0	1311066.5311079132
185.1	1311118.0233281623
185.2	1311169.4350429557
185.3	1311220.7664184687
185.4	1311272.0176204524
185.5	1311323.188814235
185.6	1311374.280164723
185.7	1311425.2918364026
185.8	1311476.2239933396
185.9	1311527.0767991832
186.0	1311577.850417164
186.1	1311628.5450101
186.2	1311679.1607403927
186.3	1311729.6977700314
186.4	1311780.1562605938
186.5	1311830.5363732472
186.6	1311880.8382687494
186.7	1311931.0621074503
186.8	1311981.2080492931
186.9	1312031.2762538162
187.0	1312081.2668801518
187.1	1312131.1800870306
187.2	1312181.016032782
187.3	1312230.7748753321
187.4	1312280.4567722108
187.5	1312330.0618805466
187.6	1312379.5903570733
187.7	1312429.0423581274
187.8	1312478.418039652
187.9	1312527.7175571958
188.0	1312576.9410659147
188.1	1312626.0887205747
188.2	1312675.1606755508
188.3	1312724.1570848299
188.4	1312773.0781020105
188.5	1312821.9238803056
188.6	1312870.6945725419
188.7	1312919.390331162
188.8	1312968.0113082263
188.9	1313016.557655412
189.0	1313065.029524017
189.1	1313113.4270649585
189.2	1313161.7504287756
189.3	1313209.9997656294
189.4	1313258.1752253068
189.5	1313306.2769572164
189.6	1313354.305110396
189.7	1313402.2598335082
189.8	1313450.141274844
189.9	1313497.9495823253
190.0	1313545.6849035032
190.1	1313593.34738556
190.2	1313640.9371753123
190.3	1313688.4544192078
190.4	1313735.8992633314
190.5	1313783.2718534027
190.6	1313830.572334778
190.7	1313877.8008524524
190.8	1313924.9575510598
190.9	1313972.0425748734
191.0	1314019.0560678092
191.1	1314065.9981734243
191.2	1314112.8690349194
191.3	1314159.66879514
191.4	1314206.3975965763
191.5	1314253.055581365
191.6	1314299.6428912915
191.7	1314346.1596677883
191.8	1314392.606051939
191.9	1314438.9821844755
192.0	1314485.288205784
192.1	1314531.5242559016
192.2	1314577.6904745195
192.3	1314623.7870009847
192.4	1314669.813974298
192.5	1314715.7715331179
192.6	1314761.6598157613
192.7	1314807.478960203
192.8	1314853.2291040774
192.9	1314898.910384681
193.0	1314944.5229389695
193.1	1314990.0669035641
193.2	1315035.542414748
193.3	1315080.9496084696
193.4	1315126.2886203437
193.5	1315171.55958565
193.6	1315216.7626393368
193.7	1315261.8979160215
193.8	1315306.965549991
193.9	1315351.9656752017
194.0	1315396.8984252822
194.1	1315441.7639335336
194.2	1315486.56233293
194.3	1315531.2937561204
194.4	1315575.9583354294
194.5	1315620.5562028561
194.6	1315665.0874900785
194.7	1315709.552328453
194.8	1315753.9508490122
194.9	1315798.2831824725
195.0	1315842.549459229
195.1	1315886.7498093585
195.2	1315930.8843626217
195.3	1315974.9532484626
195.4	1316018.9565960094
195.5	1316062.8945340759
195.6	1316106.767191162
195.7	1316150.5746954565
195.8	1316194.3171748344
195.9	1316237.9947568616
196.0	1316281.6075687928
196.1	1316325.1557375737
196.2	1316368.6393898425
196.3	1316412.0586519302
196.4	1316455.4136498605
196.5	1316498.7045093523
196.6	1316541.9313558189
196.7	1316585.0943143715
196.8	1316628.1935098171
196.9	1316671.2290666606
197.0	1316714.2011091074
197.1	1316757.10976106
197.2	1316799.955146124
197.3	1316842.7373876045
197.4	1316885.4566085108
197.5	1316928.1129315533
197.6	1316970.7064791482
197.7	1317013.2373734151
197.8	1317055.7057361805
197.9	1317098.1116889764
198.0	1317140.455353043
198.1	1317182.7368493283
198.2	1317224.9562984896
198.3	1317267.113820894
198.4	1317309.2095366195
198.5	1317351.2435654546
198.6	1317393.2160269017
198.7	1317435.1270401753
198.8	1317476.9767242041
198.9	1317518.7651976328
199.0	1317560.49257882
199.1	1317602.1589858409
199.2	1317643.7645364893
199.3	1317685.3093482764
199.4	1317726.7935384316
199.5	1317768.2172239043
199.6	1317809.580521366
199.7	1317850.8835472066
199.8	1317892.12641754
199.9	1317933.3092482022
200.0	1317974.4321547528
200.1	1318015.495252477
200.2	1318056.4986563828
200.3	1318097.4424812063
200.4	1318138.3268414096
200.5	1318179.1518511823
200.6	1318219.9176244417
200.7	1318260.6242748357
200.8	1318301.271915741
200.9	1318341.8606602636
201.0	1318382.390621244
201.1	1318422.8619112512
201.2	1318463.2746425904
201.3	1318503.6289272981
201.4	1318543.924877146
201.5	1318584.162603641
201.6	1318624.3422180256
201.7	1318664.4638312787
201.8	1318704.5275541176
201.9	1318744.5334969962
202.0	1318784.481770108
202.1	1318824.3724833862
202.2	1318864.205746505
202.3	1318903.9816688772
202.4	1318943.7003596593
202.5	1318983.3619277503
202.6	1319022.9664817918
202.7	1319062.5141301693
202.8	1319102.0049810128
202.9	1319141.4391421983
203.0	1319180.8167213476
203.1	1319220.1378258287
203.2	1319259.402562758
203.3	1319298.611038999
203.4	1319337.763361165
203.5	1319376.8596356187
203.6	1319415.899968473
203.7	1319454.8844655915
203.8	1319493.81323259
203.9	1319532.6863748364
204.0	1319571.5039974512
204.1	1319610.2662053101
204.2	1319648.9731030413
204.3	1319687.62479503
204.4	1319726.2213854159
204.5	1319764.7629780953
204.6	1319803.2496767226
204.7	1319841.6815847086
204.8	1319880.0588052245
204.9	1319918.3814411983
205.0	1319956.6495953202
205.1	1319994.8633700395
205.2	1320033.0228675667
205.3	1320071.1281898753
205.4	1320109.1794386995
205.5	1320147.1767155384
205.6	1320185.1201216544
205.7	1320223.0097580731
205.8	1320260.8457255873
205.9	1320298.6281247535
206.0	1320336.357055897
206.1	1320374.032619108
206.2	1320411.654914245
206.3	1320449.2240409355
206.4	1320486.7400985756
206.5	1320524.2031863309
206.6	1320561.6134031375
206.7	1320598.9708477024
206.8	1320636.2756185026
206.9	1320673.5278137908
207.0	1320710.7275315893
207.1	1320747.8748696945
207.2	1320784.9699256779
207.3	1320822.0127968842
207.4	1320859.0035804345
207.5	1320895.9423732252
207.6	1320932.8292719298
207.7	1320969.6643729978
207.8	1321006.4477726582
207.9	1321043.179566916
208.0	1321079.859851558
208.1	1321116.4887221474
208.2	1321153.0662740297
208.3	1321189.5926023307
208.4	1321226.0678019575
208.5	1321262.4919675987
208.6	1321298.8651937263
208.7	1321335.187574595
208.8	1321371.459204243
208.9	1321407.6801764928
209.0	1321443.8505849529
209.1	1321479.9705230158
209.2	1321516.040083861
209.3	1321552.0593604543
209.4	1321588.028445549
209.5	1321623.947431686
209.6	1321659.8164111956
209.7	1321695.6354761948
209.8	1321731.4047185928
209.9	1321767.1242300866
210.0	1321802.7941021658
210.1	1321838.4144261105
210.2	1321873.9852929923
210.3	1321909.506793676
210.4	1321944.979018818
210.5	1321980.4020588698
210.6	1322015.7760040762
210.7	1322051.1009444771
210.8	1322086.3769699065
210.9	1322121.6041699953
211.0	1322156.7826341705
211.1	1322191.9124516554
211.2	1322226.9937114713
211.3	1322262.0265024372
211.4	1322297.0109131702
211.5	1322331.9470320882
211.6	1322366.8349474054
211.7	1322401.6747471397
211.8	1322436.4665191076
211.9	1322471.2103509267
212.0	1322505.9063300178
212.1	1322540.5545436025
212.2	1322575.1550787059
212.3	1322609.7080221565
212.4	1322644.2134605865
212.5	1322678.6714804322
212.6	1322713.0821679349
212.7	1322747.4456091423
212.8	1322781.7618899068
212.9	1322816.0310958878
213.0	1322850.2533125516
213.1	1322884.4286251732
213.2	1322918.5571188328
213.3	1322952.6388784223
213.4	1322986.673988641
213.5	1323020.6625339973
213.6	1323054.6045988111
213.7	1323088.5002672127
213.8	1323122.349623142
213.9	1323156.1527503522
214.0	1323189.909732408
214.1	1323223.6206526866
214.2	1323257.2855943781
214.3	1323290.9046404872
214.4	1323324.4778738306
214.5	1323358.0053770423
214.6	1323391.4872325703
214.7	1323424.9235226773
214.8	1323458.3143294426
214.9	1323491.659734763
215.0	1323524.9598203509
215.1	1323558.2146677373
215.2	1323591.4243582708
215.3	1323624.588973119
215.4	1323657.7085932677
215.5	1323690.7832995227
215.6	1323723.813172509
215.7	1323756.7982926741
215.8	1323789.738740284
215.9	1323822.634595427
216.0	1323855.485938013
216.1	1323888.2928477754
216.2	1323921.05540427
216.3	1323953.773686874
216.4	1323986.4477747907
216.5	1324019.0777470458
216.6	1324051.6636824918
216.7	1324084.205659804
216.8	1324116.7037574844
216.9	1324149.158053862
217.0	1324181.5686270904
217.1	1324213.9355551507
217.2	1324246.258915853
217.3	1324278.5387868334
217.4	1324310.7752455568
217.5	1324342.9683693175
217.6	1324375.1182352388
217.7	1324407.224920273
217.8	1324439.2885012033
217.9	1324471.3090546434
218.0	1324503.2866570377
218.1	1324535.221384662
218.2	1324567.1133136249
218.3	1324598.9625198662
218.4	1324630.7690791585
218.5	1324662.5330671093
218.6	1324694.2545591579
218.7	1324725.9336305782
218.8	1324757.5703564791
218.9	1324789.164811805
219.0	1324820.7170713332
219.1	1324852.2272096798
219.2	1324883.6953012953
219.3	1324915.121420468
219.4	1324946.5056413221
219.5	1324977.8480378205
219.6	1325009.1486837633
219.7	1325040.4076527897
219.8	1325071.6250183778
219.9	1325102.800853843
220.0	1325133.9352323432
220.1	1325165.0282268738
220.2	1325196.0799102725
220.3	1325227.0903552175
220.4	1325258.0596342273
220.5	1325288.9878196637
220.6	1325319.8749837289
220.7	1325350.7211984694
220.8	1325381.5265357732
220.9	1325412.291067373
221.0	1325443.0148648438
221.1	1325473.6979996054
221.2	1325504.3405429234
221.3	1325534.9425659066
221.4	1325565.5041395098
221.5	1325596.025334534
221.6	1325626.5062216257
221.7	1325656.946871278
221.8	1325687.3473538328
221.9	1325717.7077394763
222.0	1325748.0280982447
222.1	1325778.3085000217
222.2	1325808.5490145397
222.3	1325838.7497113796
222.4	1325868.9106599723
222.5	1325899.031929598
222.6	1325929.1135893867
222.7	1325959.1557083195
222.8	1325989.1583552286
222.9	1326019.1215987962
223.0	1326049.045507558
223.1	1326078.9301499003
223.2	1326108.775594062
223.3	1326138.581908135
223.4	1326168.3491600647
223.5	1326198.0774176493
223.6	1326227.7667485422
223.7	1326257.417220249
223.8	1326287.0289001327
223.9	1326316.601855409
224.0	1326346.13615315
224.1	1326375.6318602837
224.2	1326405.0890435937
224.3	1326434.5077697206
224.4	1326463.888105162
224.5	1326493.230116272
224.6	1326522.5338692637
224.7	1326551.7994302064
224.8	1326581.0268650295
224.9	1326610.2162395199
225.0	1326639.3676193235
225.1	1326668.4810699467
225.2	1326697.5566567546
225.3	1326726.5944449736
225.4	1326755.5944996898
225.5	1326784.5568858497
225.6	1326813.4816682623
225.7	1326842.368911597
225.8	1326871.218680386
225.9	1326900.0310390226
226.0	1326928.8060517649
226.1	1326957.5437827315
226.2	1326986.2442959053
226.3	1327014.9076551339
226.4	1327043.533924127
226.5	1327072.1231664598
226.6	1327100.6754455725
226.7	1327129.1908247694
226.8	1327157.669367221
226.9	1327186.1111359634
227.0	1327214.5161938977
227.1	1327242.884603793
227.2	1327271.2164282838
227.3	1327299.5117298735
227.4	1327327.7705709303
227.5	1327355.9930136928
227.6	1327384.1791202652
227.7	1327412.3289526221
227.8	1327440.4425726063
227.9	1327468.520041929
228.0	1327496.5614221718
228.1	1327524.5667747853
228.2	1327552.5361610907
228.3	1327580.469642279
228.4	1327608.3672794127
228.5	1327636.2291334246
228.6	1327664.0552651186
228.7	1327691.8457351723
228.8	1327719.6006041334
228.9	1327747.319932422
229.0	1327775.0037803315
229.1	1327802.6522080286
229.2	1327830.2652755524
229.3	1327857.8430428156
229.4	1327885.3855696067
229.5	1327912.8929155853
229.6	1327940.3651402888
229.7	1327967.8023031275
229.8	1327995.204463387
229.9	1328022.5716802287
230.0	1328049.904012691
230.1	1328077.2015196863
230.2	1328104.464260005
230.3	1328131.6922923133
230.4	1328158.885675156
230.5	1328186.0444669528
230.6	1328213.1687260035
230.7	1328240.2585104841
230.8	1328267.31387845
230.9	1328294.3348878343
231.0	1328321.3215964506
231.1	1328348.2740619897
231.2	1328375.192342023
231.3	1328402.076494001
231.4	1328428.9265752553
231.5	1328455.7426429978
231.6	1328482.524754319
231.7	1328509.2729661937
231.8	1328535.9873354759
231.9	1328562.6679189005
232.0	1328589.314773087
232.1	1328615.9279545338
232.2	1328642.507519624
232.3	1328669.0535246227
232.4	1328695.5660256788
232.5	1328722.0450788233
232.6	1328748.4907399707
232.7	1328774.9030649208
232.8	1328801.2821093565
232.9	1328827.6279288463
233.0	1328853.9405788423
233.1	1328880.2201146812
233.2	1328906.4665915868
233.3	1328932.6800646675
233.4	1328958.8605889173
233.5	1328985.0082192167
233.6	1329011.1230103334
233.7	1329037.2050169206
233.8	1329063.2542935193
233.9	1329089.2708945568
234.0	1329115.2548743498
234.1	1329141.2062871014
234.2	1329167.1251869032
234.3	1329193.0116277349
234.4	1329218.8656634656
234.5	1329244.6873478529
234.6	1329270.4767345437
234.7	1329296.2338770737
234.8	1329321.9588288702
234.9	1329347.6516432487
235.0	1329373.3123734153
235.1	1329398.9410724677
235.2	1329424.5377933935
235.3	1329450.1025890722
235.4	1329475.6355122733
235.5	1329501.1366156598
235.6	1329526.6059517846
235.7	1329552.0435730952
235.8	1329577.4495319286
235.9	1329602.8238805172
236.0	1329628.1666709848
236.1	1329653.4779553488
236.2	1329678.75778552
236.3	1329704.0062133037
236.4	1329729.223290398
236.5	1329754.4090683958
236.6	1329779.5635987855
236.7	1329804.6869329477
236.8	1329829.7791221612
236.9	1329854.8402175985
237.0	1329879.8702703267
237.1	1329904.8693313103
237.2	1329929.8374514095
237.3	1329954.7746813803
237.4	1329979.6810718754
237.5	1330004.5566734448
237.6	1330029.4015365348
237.7	1330054.2157114898
237.8	1330078.9992485521
237.9	1330103.7521978598
238.0	1330128.474609451
238.1	1330153.1665332604
238.2	1330177.8280191242
238.3	1330202.4591167744
238.4	1330227.059875843
238.5	1330251.6303458621
238.6	1330276.1705762616
238.7	1330300.6806163732
238.8	1330325.1605154274
238.9	1330349.610322555
239.0	1330374.030086788
239.1	1330398.4198570577
239.2	1330422.779682198
239.3	1330447.1096109436
239.4	1330471.4096919296
239.5	1330495.679973694
239.6	1330519.9205046762
239.7	1330544.1313332182
239.8	1330568.3125075635
239.9	1330592.4640758596
240.0	1330616.5860861551
240.1	1330640.6785864036
240.2	1330664.7416244603
240.3	1330688.7752480851
240.4	1330712.7795049418
240.5	1330736.7544425973
240.6	1330760.7001085228
240.7	1330784.6165500963
240.8	1330808.5038145967
240.9	1330832.3619492115
241.0	1330856.1910010297
241.1	1330879.9910170494
241.2	1330903.7620441723
241.3	1330927.5041292065
241.4	1330951.2173188652
241.5	1330974.9016597692
241.6	1330998.5571984455
241.7	1331022.1839813276
241.8	1331045.782054756
241.9	1331069.3514649782
242.0	1331092.89225815
242.1	1331116.404480334
242.2	1331139.8881775008
242.3	1331163.3433955288
242.4	1331186.770180206
242.5	1331210.168577227
242.6	1331233.538632197
242.7	1331256.8803906292
242.8	1331280.1938979458
242.9	1331303.4791994782
243.0	1331326.7363404692
243.1	1331349.9653660685
243.2	1331373.1663213386
243.3	1331396.339251251
243.4	1331419.4842006867
243.5	1331442.6012144396
243.6	1331465.690337213
243.7	1331488.7516136216
243.8	1331511.7850881908
243.9	1331534.7908053591
244.0	1331557.7688094752
244.1	1331580.7191448002
244.2	1331603.6418555076
244.3	1331626.5369856828
244.4	1331649.4045793249
244.5	1331672.2446803441
244.6	1331695.057332565
244.7	1331717.842579724
244.8	1331740.6004654723
244.9	1331763.3310333742
245.0	1331786.0343269072
245.1	1331808.7103894635
245.2	1331831.3592643493
245.3	1331853.9809947845
245.4	1331876.5756239046
245.5	1331899.1431947607
245.6	1331921.6837503163
245.7	1331944.1973334518
245.8	1331966.683986964
245.9	1331989.1437535626
246.0	1332011.576675875
246.1	1332033.982796445
246.2	1332056.362157731
246.3	1332078.7148021087
246.4	1332101.0407718709
246.5	1332123.340109225
246.6	1332145.612856299
246.7	1332167.8590551352
246.8	1332190.078747694
246.9	1332212.271975853
247.0	1332234.4387814093
247.1	1332256.5792060755
247.2	1332278.693291484
247.3	1332300.7810791854
247.4	1332322.8426106477
247.5	1332344.87792726
247.6	1332366.887070327
247.7	1332388.870081075
247.8	1332410.8270006487
247.9	1332432.7578701132
248.0	1332454.6627304512
248.1	1332476.5416225672
248.2	1332498.3945872851
248.3	1332520.2216653486
248.4	1332542.0228974223
248.5	1332563.7983240918
248.6	1332585.5479858625
248.7	1332607.2719231613
248.8	1332628.9701763357
248.9	1332650.6427856565
249.0	1332672.289791313
249.1	1332693.9112334182
249.2	1332715.507152007
249.3	1332737.0775870355
249.4	1332758.6225783823
249.5	1332780.1421658485
249.6	1332801.636389158
249.7	1332823.105287958
249.8	1332844.5489018168
249.9	1332865.9672702276
250.0	1332887.360432607
250.1	1332908.7284282928
250.2	1332930.07129655
250.3	1332951.3890765645
250.4	1332972.6818074475
250.5	1332993.949528234
250.6	1333015.1922778843
250.7	1333036.410095282
250.8	1333057.6030192357
250.9	1333078.7710884798
251.0	1333099.9143416728
251.1	1333121.032817399
251.2	1333142.1265541683
251.3	1333163.195590414
251.4	1333184.2399644996
251.5	1333205.2597147094
251.6	1333226.2548792583
251.7	1333247.2254962844
251.8	1333268.1716038536
251.9	1333289.0932399577
252.0	1333309.9904425165
252.1	1333330.863249376
252.2	1333351.7116983088
252.3	1333372.535827015
252.4	1333393.3356731236
252.5	1333414.1112741884
252.6	1333434.8626676942
252.7	1333455.5898910516
252.8	1333476.2929815997
252.9	1333496.9719766062
253.0	1333517.6269132674
253.1	1333538.257828708
253.2	1333558.8647599812
253.3	1333579.447744069
253.4	1333600.0068178836
253.5	1333620.5420182655
253.6	1333641.0533819846
253.7	1333661.5409457409
253.8	1333682.0047461635
253.9	1333702.444819813
254.0	1333722.8612031771
254.1	1333743.2539326767
254.2	1333763.6230446617
254.3	1333783.9685754124
254.4	1333804.2905611405
254.5	1333824.5890379879
254.6	1333844.8640420279
254.7	1333865.1156092652
254.8	1333885.3437756347
254.9	1333905.548577004
255.0	1333925.7300491726
255.1	1333945.8882278698
255.2	1333966.0231487597
255.3	1333986.1348474363
255.4	1334006.223359426
255.5	1334026.2887201891
255.6	1334046.3309651173
255.7	1334066.3501295352
255.8	1334086.3462487
255.9	1334106.3193578036
256.0	1334126.2694919684
256.1	1334146.1966862518
256.2	1334166.1009756445
256.3	1334185.9823950713
256.4	1334205.8409793894
256.5	1334225.6767633911
256.6	1334245.489781802
256.7	1334265.2800692834
256.8	1334285.047660429
256.9	1334304.7925897678
257.0	1334324.514891765
257.1	1334344.2146008178
257.2	1334363.8917512605
257.3	1334383.546377362
257.4	1334403.178513326
257.5	1334422.7881932922
257.6	1334442.3754513355
257.7	1334461.9403214662
257.8	1334481.4828376316
257.9	1334501.003033714
258.0	1334520.5009435317
258.1	1334539.9766008395
258.2	1334559.43003933
258.3	1334578.86129263
258.4	1334598.2703943043
258.5	1334617.6573778547
258.6	1334637.0222767193
258.7	1334656.3651242743
258.8	1334675.6859538325
258.9	1334694.9847986435
259.0	1334714.261691896
259.1	1334733.5166667148
259.2	1334752.7497561642
259.3	1334771.9609932448
259.4	1334791.1504108966
259.5	1334810.3180419973
259.6	1334829.4639193625
259.7	1334848.5880757472
259.8	1334867.6905438448
259.9	1334886.7713562876
260.0	1334905.8305456461
260.1	1334924.8681444312
260.2	1334943.8841850914
260.3	1334962.8787000154
260.4	1334981.8517215324
260.5	1335000.8032819098
260.6	1335019.7334133545
260.7	1335038.6421480142
260.8	1335057.5295179773
260.9	1335076.3955552697
261.0	1335095.2402918607
261.1	1335114.063759658
261.2	1335132.8659905111
261.3	1335151.6470162084
261.4	1335170.4068684813
261.5	1335189.145579
261.6	1335207.8631793787
261.7	1335226.5597011694
261.8	1335245.2351758676
261.9	1335263.88963491
262.0	1335282.523109674
262.1	1335301.13563148
262.2	1335319.7272315891
262.3	1335338.2979412053
262.4	1335356.8477914738
262.5	1335375.376813483
262.6	1335393.8850382632
262.7	1335412.3724967872
262.8	1335430.83921997
262.9	1335449.2852386707
263.0	1335467.7105836899
263.1	1335486.1152857712
263.2	1335504.499375603
263.3	1335522.8628838146
263.4	1335541.2058409806
263.5	1335559.5282776186
263.6	1335577.8302241887
263.7	1335596.1117110965
263.8	1335614.3727686906
263.9	1335632.6134272632
264.0	1335650.8337170514
264.1	1335669.033668236
264.2	1335687.2133109432
264.3	1335705.3726752417
264.4	1335723.5117911468
264.5	1335741.630688618
264.6	1335759.7293975588
264.7	1335777.807947819
264.8	1335795.8663691923
264.9	1335813.904691418
265.0	1335831.9229441814
265.1	1335849.9211571126
265.2	1335867.8993597876
265.3	1335885.857581728
265.4	1335903.7958524006
265.5	1335921.714201219
265.6	1335939.6126575428
265.7	1335957.4912506775
265.8	1335975.350009875
265.9	1335993.1889643332
266.0	1336011.0081431968
266.1	1336028.8075755585
266.2	1336046.587290455
266.3	1336064.3473168723
266.4	1336082.0876837422
266.5	1336099.8084199436
266.6	1336117.5095543033
266.7	1336135.1911155952
266.8	1336152.85313254
266.9	1336170.4956338068
267.0	1336188.1186480122
267.1	1336205.7222037206
267.2	1336223.306329444
267.3	1336240.8710536424
267.4	1336258.416404724
267.5	1336275.9424110462
267.6	1336293.4491009137
267.7	1336310.9365025798
267.8	1336328.404644247
267.9	1336345.853554065
268.0	1336363.2832601343
268.1	1336380.6937905035
268.2	1336398.0851731698
268.3	1336415.4574360794
268.4	1336432.8106071292
268.5	1336450.1447141638
268.6	1336467.4597849783
268.7	1336484.7558473172
268.8	1336502.0329288743
268.9	1336519.2910572933
269.0	1336536.530260168
269.1	1336553.7505650427
269.2	1336570.951999411
269.3	1336588.1345907168
269.4	1336605.2983663555
269.5	1336622.4433536709
269.6	1336639.5695799594
269.7	1336656.6770724666
269.8	1336673.76585839
269.9	1336690.8359648772
270.0	1336707.8874190266
270.1	1336724.9202478887
270.2	1336741.9344784643
270.3	1336758.930137706
270.4	1336775.9072525178
270.5	1336792.8658497543
270.6	1336809.8059562228
270.7	1336826.727598682
270.8	1336843.6308038433
270.9	1336860.5155983672
271.0	1336877.3820088692
271.1	1336894.2300619162
271.2	1336911.059784026
271.3	1336927.8712016707
271.4	1336944.6643412733
271.5	1336961.4392292106
271.6	1336978.19589181
271.7	1336994.9343553546
271.8	1337011.6546460774
271.9	1337028.3567901668
272.0	1337045.0408137625
272.1	1337061.7067429582
272.2	1337078.3546038005
272.3	1337094.9844222893
272.4	1337111.596224379
272.5	1337128.190035976
272.6	1337144.765882941
272.7	1337161.3237910888
272.8	1337177.8637861875
272.9	1337194.3858939598
273.0	1337210.8901400813
273.1	1337227.3765501827
273.2	1337243.8451498493
273.3	1337260.2959646191
273.4	1337276.7290199867
273.5	1337293.1443413994
273.6	1337309.5419542596
273.7	1337325.9218839253
273.8	1337342.2841557085
273.9	1337358.6287948764
274.0	1337374.9558266501
274.1	1337391.265276209
274.2	1337407.5571686823
274.3	1337423.8315291607
274.4	1337440.0883826856
274.5	1337456.3277542563
274.6	1337472.5496688269
274.7	1337488.7541513068
274.8	1337504.941226562
274.9	1337521.110919414
275.0	1337537.2632546402
275.1	1337553.398256974
275.2	1337569.5159511052
275.3	1337585.6163616797
275.4	1337601.6995132992
275.5	1337617.7654305235
275.6	1337633.8141378663
275.7	1337649.8456598
275.8	1337665.8600207532
275.9	1337681.8572451116
276.0	1337697.8373572163
276.1	1337713.8003813666
276.2	1337729.7463418192
276.3	1337745.6752627876
276.4	1337761.5871684414
276.5	1337777.4820829092
276.6	1337793.360030276
276.7	1337809.2210345848
276.8	1337825.0651198358
276.9	1337840.8923099882
277.0	1337856.702628956
277.1	1337872.4961006145
277.2	1337888.2727487946
277.3	1337904.032597287
277.4	1337919.7756698388
277.5	1337935.501990157
277.6	1337951.211581905
277.7	1337966.904468706
277.8	1337982.5806741419
277.9	1337998.2402217526
278.0	1338013.8831350359
278.1	1338029.5094374493
278.2	1338045.1191524102
278.3	1338060.7123032922
278.4	1338076.2889134302
278.5	1338091.849006117
278.6	1338107.392604605
278.7	1338122.9197321064
278.8	1338138.4304117914
278.9	1338153.924666791
279.0	1338169.4025201949
279.1	1338184.8639950524
279.2	1338200.3091143733
279.3	1338215.737901126
279.4	1338231.1503782398
279.5	1338246.5465686035
279.6	1338261.9264950654
279.7	1338277.290180435
279.8	1338292.6376474819
279.9	1338307.968918934
280.0	1338323.2840174818
280.1	1338338.5829657759
280.2	1338353.8657864265
280.3	1338369.132502005
280.4	1338384.3831350436
280.5	1338399.6177080348
280.6	1338414.8362434327
280.7	1338430.0387636514
280.8	1338445.225291066
280.9	1338460.3958480142
281.0	1338475.5504567933
281.1	1338490.689139662
281.2	1338505.8119188412
281.3	1338520.918816513
281.4	1338536.00985482
281.5	1338551.085055868
281.6	1338566.144441722
281.7	1338581.188034412
281.8	1338596.2158559267
281.9	1338611.2279282196
282.0	1338626.2242732032
282.1	1338641.2049127542
282.2	1338656.169868711
282.3	1338671.1191628731
282.4	1338686.0528170036
282.5	1338700.9708528277
282.6	1338715.8732920324
282.7	1338730.7601562678
282.8	1338745.6314671468
282.9	1338760.487246244
283.0	1338775.3275150978
283.1	1338790.152295209
283.2	1338804.961608041
283.3	1338819.7554750207
283.4	1338834.5339175374
283.5	1338849.2969569447
283.6	1338864.0446145583
283.7	1338878.7769116575
283.8	1338893.4938694846
283.9	1338908.1955092463
284.0	1338922.8818521125
284.1	1338937.5529192158
284.2	1338952.2087316536
284.3	1338966.8493104856
284.4	1338981.4746767378
284.5	1338996.0848513972
284.6	1339010.6798554165
284.7	1339025.2597097121
284.8	1339039.8244351642
284.9	1339054.374052618
285.0	1339068.9085828816
285.1	1339083.4280467283
285.2	1339097.9324648962
285.3	1339112.4218580867
285.4	1339126.8962469667
285.5	1339141.3556521677
285.6	1339155.8000942853
285.7	1339170.229593879
285.8	1339184.6441714768
285.9	1339199.043847567
286.0	1339213.428642606
286.1	1339227.798577013
286.2	1339242.1536711745
286.3	1339256.493945442
286.4	1339270.8194201298
286.5	1339285.1301155204
286.6	1339299.4260518597
286.7	1339313.7072493609
286.8	1339327.9737282007
286.9	1339342.2255085232
287.0	1339356.462610437
287.1	1339370.6850540172
287.2	1339384.892859304
287.3	1339399.0860463043
287.4	1339413.2646349904
287.5	1339427.428645301
287.6	1339441.57809714
287.7	1339455.713010379
287.8	1339469.8334048549
287.9	1339483.9393003706
288.0	1339498.030716696
288.1	1339512.1076735673
288.2	1339526.1701906873
288.3	1339540.218287725
288.4	1339554.2519843164
288.5	1339568.2713000637
288.6	1339582.2762545364
288.7	1339596.2668672714
288.8	1339610.2431577714
288.9	1339624.2051455062
289.0	1339638.1528499129
289.1	1339652.086290397
289.2	1339666.0054863284
289.3	1339679.910457047
289.4	1339693.8012218578
289.5	1339707.677800035
289.6	1339721.5402108193
289.7	1339735.3884734195
289.8	1339749.2226070105
289.9	1339763.0426307367
290.0	1339776.8485637093
290.1	1339790.6404250073
290.2	1339804.4182336775
290.3	1339818.1820087354
290.4	1339831.9317691624
290.5	1339845.6675339108
290.6	1339859.389321899
290.7	1339873.0971520138
290.8	1339886.7910431111
290.9	1339900.4710140137
291.0	1339914.1370835148
291.1	1339927.7892703738
291.2	1339941.4275933197
291.3	1339955.05207105
291.4	1339968.662722231
291.5	1339982.2595654968
291.6	1339995.8426194512
291.7	1340009.4119026668
291.8	1340022.9674336838
291.9	1340036.509231013
292.0	1340050.037313133
292.1	1340063.5516984921
292.2	1340077.0524055068
292.3	1340090.539452564
292.4	1340104.012858019
292.5	1340117.4726401966
292.6	1340130.9188173907
292.7	1340144.3514078655
292.8	1340157.770429854
292.9	1340171.1759015585
293.0	1340184.5678411513
293.1	1340197.946266774
293.2	1340211.3111965389
293.3	1340224.6626485263
293.4	1340238.0006407888
293.5	1340251.325191346
293.6	1340264.6363181898
293.7	1340277.9340392812
293.8	1340291.2183725517
293.9	1340304.4893359016
294.0	1340317.7469472028
294.1	1340330.9912242978
294.2	1340344.2221849978
294.3	1340357.4398470856
294.4	1340370.6442283143
294.5	1340383.835346406
294.6	1340397.0132190562
294.7	1340410.1778639292
294.8	1340423.3292986597
294.9	1340436.4675408534
295.0	1340449.5926080877
295.1	1340462.7045179096
295.2	1340475.8032878381
295.3	1340488.8889353622
295.4	1340501.961477942
295.5	1340515.0209330104
295.6	1340528.067317968
295.7	1340541.1006501904
295.8	1340554.1209470218
295.9	1340567.128225779
296.0	1340580.1225037486
296.1	1340593.1037981913
296.2	1340606.072126337
296.3	1340619.027505388
296.4	1340631.9699525172
296.5	1340644.8994848717
296.6	1340657.8161195668
296.7	1340670.7198736921
296.8	1340683.6107643081
296.9	1340696.488808448
297.0	1340709.354023115
297.1	1340722.2064252864
297.2	1340735.0460319105
297.3	1340747.872859907
297.4	1340760.686926169
297.5	1340773.4882475617
297.6	1340786.276840922
297.7	1340799.052723059
297.8	1340811.8159107545
297.9	1340824.566420763
298.0	1340837.3042698111
298.1	1340850.0294745974
298.2	1340862.7420517942
298.3	1340875.442018045
298.4	1340888.1293899682
298.5	1340900.804184152
298.6	1340913.4664171604
298.7	1340926.1161055276
298.8	1340938.7532657625
298.9	1340951.377914346
299.0	1340963.990067733
299.1	1340976.58974235
299.2	1340989.176954598
299.3	1341001.7517208501
299.4	1341014.3140574533
299.5	1341026.8639807282
299.6	1341039.4015069667
299.7	1341051.926652437
299.8	1341064.4394333784
299.9	1341076.939866005
