3.6111374632387836 0.017968503937007663
9.030926857034434 0.0282362204724409
12.6387439521867 0.06417322834645667
15.64177971729437 0.1129448818897636
18.646238497296274 0.15401574803149587
21.047338962147805 0.20022047244094465
23.14628593112608 0.25155905511811016
25.245232900104355 0.30289763779527545
27.347025898871074 0.3388346456692912
29.44739588274357 0.38247244094488186
31.847547670998956 0.43381102362204715
34.24817379755242 0.4825826771653543
36.34854378142492 0.5262204724409449
38.74774689308415 0.5826929133858267
41.450526515510866 0.6263307086614172
43.85257565695854 0.6674015748031494
46.85513708376815 0.718740157480315
49.557442367896776 0.7649448818897637
52.86168295228156 0.8137165354330709
55.56351389811214 0.8624881889763778
59.168484963475954 0.9138267716535433
61.57100844322171 0.9523307086614172
63.97495493786169 0.9831338582677166
66.37890143250166 1.013937007874016
67.87828479271417 1.0498740157480313
69.37766815292667 1.085811023622047
70.27559055118112 1.1166141732283466
70.87135945356229 1.1525511811023623
71.46760269424155 1.1859212598425197
72.67574233943651 1.1679527559055118
73.8843563229295 1.1474173228346456
75.39370078740157 1.1294488188976377
79.31078645289821 1.1217480314960628
83.22218005881794 1.1448503937007874
87.43525282231289 1.1653858267716535
93.45508016317237 1.188488188976378
97.96983208424248 1.2064566929133858
105.79593966416849 1.2346929133858269
110.6118964045157 1.2526614173228348
117.23460772222748 1.2731968503937008
125.06308699364388 1.2885984251968505
131.08433734939757 1.3039999999999998
137.40679252442843 1.3194015748031496
142.826107579926 1.332236220472441
148.84735793567972 1.3476377952755905
155.77127407266863 1.3681732283464567
161.4922682857414 1.37844094488189
169.01906839958258 1.3964094488188978
175.64367707048666 1.4066771653543306
181.66587610283656 1.4169448818897639
187.68949815008065 1.419511811023622
193.71169718243053 1.429779527559055
199.7338962147804 1.440047244094488
207.5633241627929 1.4503149606299213
213.58599753344086 1.458015748031496
221.71757897732667 1.4631496062992126
232.8593112607912 1.4785511811023624
244.60297884451194 1.49651968503937
253.03386775448246 1.5119212598425196
277.73076558201313 1.5221889763779528
299.71776871264586 1.5273228346456693
