-1	7.85e-04
-0.96667	7.82e-04
-0.93333	6.99e-04
-0.9	8.46e-04
-0.86667	8.01e-04
-0.83333	7.57e-04
-0.8	6.68e-04
-0.76667	7.72e-04
-0.73333	8.89e-04
-0.7	7.21e-04
-0.66667	8.83e-04
-0.63333	6.87e-04
-0.6	7.86e-04
-0.56667	7.17e-04
-0.53333	8.70e-04
-0.5	9.23e-04
-0.46667	8.33e-04
-0.43333	8.46e-04
-0.4	8.02e-04
-0.36667	0.00114
-0.33333	9.18e-04
-0.3	9.73e-04
-0.26667	9.15e-04
-0.23333	0.00138
-0.2	0.00127
-0.16667	0.00155
-0.13333	0.00153
-0.1	0.00171
-0.06667	0.00169
-0.03333	0.00164
0	0.00198
0.03333	0.00288
0.06667	0.00518
0.1	0.0073
0.13333	0.00879
0.16667	0.00875
0.2	0.00726
0.23333	0.00539
0.26667	0.00429
0.3	0.00425
0.33333	0.00537
0.36667	0.00725
0.4	0.00903
0.43333	0.00966
0.46667	0.00929
0.5	0.0082
0.53333	0.0064
0.56667	0.00565
0.6	0.0062
0.63333	0.00736
0.66333	0.00847
0.69667	0.00969
0.73	0.00966
0.76333	0.00892
0.79667	0.00773
0.83111	0.00658
0.86333	0.00663
0.89667	0.00709
0.93	0.00823
0.96333	0.00939
0.99667	0.00977
1.03	0.00952
1.06333	0.0086
1.09889	0.00769
1.13	0.00715
1.16333	0.0073
1.19667	0.00794
1.23	0.00893
1.26333	0.0095
1.29667	0.00942
1.33	0.00886
1.36333	0.00797
1.39667	0.00763
1.43	0.00757
1.46333	0.00797
1.49667	0.00871
1.53	0.00921
1.56333	0.00938
1.59667	0.0091
1.63	0.0085
1.66333	0.00808
1.69667	0.00774
1.73	0.00785
1.76333	0.00822
1.79667	0.00887
1.83	0.00901
1.86333	0.00889
1.89667	0.00832
1.93	0.00825
1.96333	0.00789
1.99667	0.00795
2.03	0.00807
2.06333	0.00847
2.09667	0.009
2.13	0.00883
2.16444	0.00856
2.19667	0.00823
2.23	0.00802
2.26333	0.00782
2.29667	0.00808
2.33	0.00834
2.36333	0.00849
2.39667	0.00848
2.43111	0.00867
2.46333	0.00846
2.49667	0.00806
2.53	0.0082
2.56333	0.00811
2.59667	0.00819
2.63	0.00868
2.66333	0.00845
2.69778	0.00842
2.73	0.00794
2.76333	0.00801
2.79667	0.00788
2.83	0.00781
2.86333	0.00799
2.89667	0.00807
2.93	0.0081
2.96333	0.00815
2.99667	0.008
3.03	0.00807
3.06333	0.00791
3.09667	0.00811
3.13	0.008
3.16333	0.00821
3.19667	0.00805
3.23	0.00814
3.26333	0.00789
3.29667	0.00799
3.33	0.00795
3.36333	0.00764
3.39667	0.00785
3.43	0.00783
3.46333	0.00783
3.49667	0.00789
3.53	0.00783
3.56333	0.00767
3.59667	0.00773
3.63	0.00768
3.66333	0.00774
3.69667	0.00768
3.73	0.00763
3.76556	0.00768
3.79667	0.00755
3.83	0.0075
3.86333	0.0074
3.89667	0.00747
3.93	0.00764
3.96333	0.00754
3.99333	0.00747
4.02667	0.00743
4.06	0.00752
4.09333	0.00735
4.12667	0.00749
4.16	0.00756
4.19333	0.00732
4.22667	0.00752
4.26	0.00732
4.29333	0.00715
4.32667	0.00723
4.36	0.00725
4.39333	0.00721
4.42667	0.00746
4.46	0.00731
4.49333	0.0071
4.52667	0.00739
4.56	0.00716
4.59333	0.00743
4.62667	0.00722
4.66	0.00719
4.69333	0.00727
4.72667	0.00714
4.76	0.00709
4.79333	0.007
4.82667	0.00703
4.86	0.00717
4.89333	0.007
4.92667	0.00722
4.96	0.00714
4.99333	0.0069
5.02667	0.00717
5.06	0.00697
5.09333	0.0071
5.12667	0.00688
5.16	0.00699
5.19333	0.00685
5.22667	0.00686
5.26	0.00691
5.29333	0.00672
5.32667	0.00687
5.36	0.00667
5.39333	0.00704
5.42667	0.00677
5.46	0.00675
5.49333	0.00675
5.52667	0.00683
5.56	0.00677
5.59333	0.00676
5.62667	0.00674
5.66	0.00667
5.69333	0.00644
5.72667	0.00668
5.76	0.00667
5.79333	0.0065
5.82667	0.00658
5.86	0.00665
5.89333	0.00627
5.92667	0.00644
5.96	0.00663
5.99333	0.00651
6.02667	0.00653
6.06	0.0066
6.09333	0.00666
6.12667	0.00645
6.16	0.00633
6.19333	0.00639
6.22667	0.00628
6.26	0.0064
6.29333	0.00642
6.32667	0.00642
6.36	0.00628
6.39333	0.00634
6.42667	0.00642
6.46	0.00625
6.49333	0.00632
6.52667	0.00641
6.56	0.00633
6.59333	0.00647
6.62667	0.00641
6.66	0.00655
6.69333	0.0064
6.72667	0.00606
6.76	0.00632
6.79333	0.00614
6.82667	0.00616
6.86	0.00617
6.89333	0.00587
6.92667	0.00604
6.96	0.00601
6.99333	0.00595
7.02667	0.00617
7.06	0.00604
7.09333	0.00608
7.12667	0.00624
7.16	0.0061
7.19333	0.00596
7.22667	0.00605
7.26	0.00599
7.29333	0.00609
7.32333	0.00613
7.35667	0.0061
7.39	0.00595
7.42333	0.00597
7.45667	0.00579
7.49	0.00578
7.52333	0.0058
7.55667	0.0057
7.59	0.00578
7.62333	0.00572
7.65667	0.00568
7.69	0.00585
7.72333	0.0059
7.75667	0.00581
7.79	0.00587
7.82333	0.00581
7.85667	0.00588
7.89	0.0057
7.92333	0.0057
7.95667	0.00582
7.99	0.00567
8.02333	0.00571
8.05667	0.00575
8.09	0.00563
8.12333	0.00584
8.15667	0.00581
8.19	0.00558
8.22333	0.00568
8.25667	0.00563
8.29	0.00544
8.32333	0.00565
8.35667	0.00556
8.39	0.00572
8.42333	0.00564
8.45667	0.00575
8.49	0.00596
8.52333	0.00551
8.55667	0.00549
8.59	0.00554
8.62333	0.00573
8.65667	0.00571
8.69	0.0054
8.72333	0.00558
8.75667	0.00555
8.79	0.0056
8.82333	0.00534
8.85667	0.00545
8.89	0.00534
8.92333	0.00556
8.95667	0.0055
8.99	0.00533
9.0233	0.00536
9.0567	0.00559
9.09	0.0055
9.1233	0.00545
9.1567	0.00547
9.19	0.00554
9.2233	0.0053
9.2567	0.0052
9.29	0.00523
9.3233	0.00525
9.3567	0.00543
9.39	0.00557
9.4233	0.00539
9.4567	0.00527
9.49	0.00546
9.5233	0.00533
9.5567	0.00525
9.59	0.00537
9.6233	0.00549
9.6567	0.00529
9.69	0.00542
9.7233	0.0054
9.7567	0.00543
9.79	0.00538
9.8233	0.00548
9.8567	0.00557
9.89	0.00553
9.9233	0.00556
9.9567	0.00536
9.99	0.00551
10.0233	0.00516
10.0567	0.00517
10.09	0.00539
10.1233	0.00547
10.1567	0.00514
10.19	0.00516
10.2233	0.00519
10.2567	0.00534
10.29	0.00512
10.3233	0.00516
10.3567	0.00531
10.39	0.00514
10.4233	0.00518
10.4567	0.00504
10.49	0.00522
10.5233	0.00524
10.5567	0.0051
10.59	0.00518
10.6233	0.00506
10.6533	0.00518
10.6867	0.00512
10.72	0.00522
10.7533	0.00519
10.7867	0.00527
10.82	0.00495
10.8533	0.005
10.8867	0.00518
10.92	0.00502
10.9533	0.00516
10.9867	0.0051
11.02	0.00495
11.0533	0.00504
11.0867	0.00516
11.12	0.00507
11.1533	0.00486
11.1867	0.00487
11.22	0.00507
11.2533	0.00497
11.2867	0.00487
11.32	0.00496
11.3533	0.00502
11.3867	0.00504
11.42	0.00471
11.4533	0.00486
11.4867	0.00503
11.52	0.00499
11.5533	0.00508
11.5867	0.00492
11.62	0.00485
11.6533	0.0049
11.6867	0.00512
11.72	0.00476
11.7533	0.00478
11.7867	0.00492
11.82	0.00493
11.8533	0.00488
11.8867	0.00491
11.92	0.0048
11.9533	0.00485
11.9867	0.00501
12.02	0.00476
12.0533	0.00502
12.0867	0.00471
12.12	0.00478
12.1533	0.00483
12.1867	0.00474
12.22	0.00477
12.2533	0.00481
12.2878	0.00484
