0.03333	0.00241
0.06667	0.00433
0.1	0.00686
0.13333	0.0083
0.16667	0.00845
0.2	0.00711
0.23333	0.00569
0.26667	0.00408
0.3	0.00405
0.33333	0.00519
0.36667	0.00719
0.4	0.00896
0.43333	0.00938
0.46667	0.00874
0.5	0.00776
0.53333	0.00648
0.56667	0.00585
0.6	0.00593
0.63333	0.00699
0.66333	0.00848
0.69667	0.00947
0.73	0.00963
0.76333	0.00871
0.79667	0.00787
0.83	0.0066
0.86333	0.00642
0.89667	0.00728
0.93	0.00828
0.96333	0.00903
0.99667	0.00968
1.03	0.00912
1.06333	0.00795
1.09889	0.00734
1.13	0.00678
1.16333	0.0073
1.19667	0.008
1.23	0.00858
1.26333	0.0097
1.29667	0.0096
1.33	0.00892
1.36333	0.00794
1.39667	0.00767
1.43	0.00778
1.46333	0.00793
1.49667	0.00854
1.53	0.00946
1.56333	0.00953
1.59667	0.0089
1.63	0.00866
1.66333	0.00788
1.69667	0.00773
1.73	0.00818
1.76333	0.00829
1.79667	0.00893
1.83	0.0089
1.86333	0.0092
1.89667	0.00867
1.93	0.00818
1.96333	0.00784
1.99667	0.00798
2.03	0.00793
2.06333	0.00873
2.09667	0.00867
2.13	0.00881
2.16333	0.00856
2.19667	0.0084
2.23	0.00781
2.26333	0.00794
2.29667	0.0082
2.33	0.00851
2.36333	0.00849
2.39667	0.00867
2.43111	0.0084
2.46333	0.00827
2.49667	0.00797
2.53	0.00786
2.56333	0.00839
2.59667	0.00815
2.63	0.00837
2.66333	0.00843
2.69667	0.00851
2.73	0.00833
2.76333	0.00795
2.79667	0.00809
2.83	0.00768
2.86333	0.00795
2.89667	0.00852
2.93	0.00825
2.96333	0.00851
2.99667	0.00844
3.03	0.00779
3.06333	0.0077
3.09667	0.00779
3.13	0.00777
3.16333	0.00797
3.19667	0.00817
3.23	0.00809
3.26333	0.00775
3.29667	0.00771
3.33	0.00783
3.36333	0.00838
3.39667	0.00795
3.43	0.00785
3.46333	0.00777
3.49667	0.00802
3.53	0.0081
3.56333	0.00773
3.59667	0.00747
3.63	0.00754
3.66333	0.00751
3.69667	0.00763
3.73	0.00792
3.76556	0.00771
3.79667	0.00776
3.83	0.0077
3.86333	0.00762
3.89667	0.00726
3.93	0.00724
3.96333	0.00771
3.99333	0.0073
4.02667	0.00756
4.06	0.00746
4.09333	0.00741
4.12667	0.00738
4.16	0.00746
4.19333	0.00755
4.22667	0.00731
4.26	0.00716
4.29333	0.00764
4.32667	0.00706
4.36	0.0075
4.39333	0.00722
4.42667	0.00744
4.46	0.00749
4.49333	0.00715
4.52667	0.00724
4.56	0.00713
4.59333	0.00731
4.62667	0.00719
4.66	0.00683
4.69333	0.00726
4.72667	0.00715
4.76	0.00704
4.79333	0.0071
4.82667	0.00702
4.86	0.00722
4.89333	0.00736
4.92667	0.00687
4.96	0.00706
4.99333	0.00683
5.02667	0.00689
5.06	0.00645
5.09333	0.00683
5.12667	0.00699
5.16	0.00685
5.19333	0.00691
5.22667	0.00674
5.26	0.00689
5.29333	0.00667
5.32667	0.00663
5.36	0.00696
5.39333	0.00684
5.42667	0.00671
5.46	0.00667
5.49333	0.0066
5.52667	0.00676
5.56	0.00674
5.59333	0.00672
5.62667	0.00648
5.66	0.00675
5.69333	0.00677
5.72667	0.00667
5.76	0.00673
5.79333	0.00643
5.82667	0.00655
5.86	0.00661
5.89333	0.00669
5.92667	0.00632
5.96	0.00641
5.99333	0.00654
6.02667	0.00651
6.06	0.00637
6.09333	0.0064
6.12667	0.00676
6.16	0.00662
6.19333	0.00663
6.22667	0.00653
6.26	0.00622
6.29333	0.0065
6.32667	0.0063
6.36	0.00655
6.39333	0.00648
6.42667	0.00615
6.46	0.00631
6.49333	0.00664
6.52667	0.00648
6.56	0.00641
6.59333	0.0062
6.62667	0.00622
6.66	0.00632
6.69333	0.0061
6.72667	0.00625
6.76	0.00637
6.79333	0.0063
6.82667	0.00644
6.86	0.00618
6.89333	0.0062
6.92667	0.00629
6.96	0.00619
6.99333	0.00603
7.02667	0.00613
7.06	0.00614
7.09333	0.00597
7.12667	0.00603
7.16	0.00574
7.19333	0.00641
7.22667	0.00613
7.26	0.00628
7.29333	0.00592
7.32333	0.00606
7.35667	0.00609
7.39	0.00585
7.42333	0.00576
7.45667	0.0058
7.49	0.00593
7.52333	0.00579
7.55667	0.00608
7.59	0.00598
7.62333	0.00616
7.65667	0.00602
7.69	0.00605
7.72333	0.00589
7.75667	0.00584
7.79	0.00608
7.82333	0.00602
7.85667	0.00575
7.89	0.00579
7.92333	0.00595
7.95667	0.00585
7.99	0.00554
8.02333	0.00589
8.05667	0.00553
8.09	0.00553
8.12333	0.00545
8.15667	0.00528
8.19	0.00565
8.22333	0.00589
8.25667	0.00579
8.29	0.00573
8.32333	0.00543
8.35667	0.00575
8.39	0.00575
8.42333	0.00527
8.45667	0.00555
8.49	0.00579
8.52333	0.00562
8.55667	0.00581
8.59	0.0056
8.62333	0.00557
8.65667	0.00576
8.69	0.00548
8.72333	0.00538
8.75667	0.00535
8.79	0.00549
8.82333	0.00565
8.85667	0.00522
8.89	0.00538
8.92333	0.00565
8.95667	0.00565
8.99	0.00538
9.0233	0.00528
9.0567	0.00579
9.09	0.00539
9.1233	0.00539
9.1567	0.0053
9.19	0.00541
9.2233	0.00539
9.2567	0.00537
9.29	0.00538
9.3233	0.00519
9.3567	0.00535
9.39	0.00539
9.4233	0.00538
9.4567	0.00537
9.49	0.00546
9.5233	0.00545
9.5567	0.00524
9.59	0.00515
9.6233	0.00518
9.6567	0.00518
9.69	0.00527
9.7233	0.00505
9.7567	0.00504
9.79	0.00525
9.8233	0.00558
9.8567	0.00528
9.89	0.00521
9.9233	0.00535
9.9567	0.00538
9.99	0.00534
10.0233	0.00494
10.0567	0.00529
10.09	0.00534
10.1233	0.0052
10.1567	0.00516
10.19	0.00526
10.2233	0.00509
10.2567	0.0047
10.29	0.00487
10.3233	0.00542
10.3567	0.00498
10.39	0.00499
10.4233	0.0052
10.4567	0.00516
10.49	0.00504
10.5233	0.00484
10.5567	0.00509
10.59	0.00529
10.6233	0.00484
10.6533	0.00512
10.6867	0.00465
10.72	0.00489
10.7533	0.00496
10.7867	0.00479
10.82	0.00491
10.8533	0.00464
10.8867	0.00514
10.92	0.00508
10.9533	0.00479
10.9867	0.00501
11.02	0.00474
11.0533	0.00497
11.0867	0.00465
11.12	0.00497
11.1533	0.0051
11.1867	0.00483
11.22	0.00474
11.2533	0.0049
11.2867	0.00476
11.32	0.00457
11.3533	0.00477
11.3867	0.00488
11.42	0.00507
11.4533	0.00464
11.4867	0.00489
11.52	0.00471
11.5533	0.00485
11.5867	0.00445
11.62	0.00508
11.6533	0.00442
11.6867	0.00489
11.72	0.0047
11.7533	0.00469
11.7867	0.00499
11.82	0.00471
11.8533	0.00459
11.8867	0.0046
11.92	0.00442
11.9533	0.00455
11.9867	0.0046
12.02	0.00449
12.0533	0.00471
12.0867	0.00455
12.12	0.00463
12.1533	0.00413
12.1867	0.0049
12.22	0.00468
12.2533	0.00453
12.2867	0.00466

