-1	5.72e-04
-0.96667	7.94e-04
-0.93333	8.34e-04
-0.9	8.93e-04
-0.86667	7.01e-04
-0.83333	6.47e-04
-0.8	6.96e-04
-0.76667	8.25e-04
-0.73333	8.72e-04
-0.7	8.71e-04
-0.66667	7.54e-04
-0.63333	8.50e-04
-0.6	6.90e-04
-0.56667	7.65e-04
-0.53333	8.11e-04
-0.5	8.60e-04
-0.46667	8.44e-04
-0.43333	8.36e-04
-0.4	9.99e-04
-0.36667	8.53e-04
-0.33333	9.07e-04
-0.3	0.00105
-0.26667	0.00133
-0.23333	0.00149
-0.2	0.00134
-0.16667	0.00153
-0.13333	0.00174
-0.1	0.00195
-0.06667	0.00175
-0.03333	0.00154
0	0.00163
0.03333	0.00264
0.06667	0.005
0.1	0.00741
0.13333	0.00882
0.16667	0.0089
0.2	0.0075
0.23333	0.00592
0.26667	0.00457
0.3	0.00442
0.33333	0.00543
0.36667	0.00758
0.4	0.00913
0.43333	0.00969
0.46667	0.00931
0.5	0.0081
0.53333	0.00676
0.56667	0.00615
0.6	0.00633
0.63333	0.00761
0.66333	0.00893
0.69667	0.01007
0.73	0.01005
0.76333	0.00921
0.79667	0.00809
0.83	0.00707
0.86333	0.00688
0.89667	0.00772
0.93	0.00855
0.96333	0.00989
0.99667	0.01027
1.03	0.00972
1.06333	0.00895
1.09778	0.00781
1.13	0.00736
1.16333	0.00768
1.19667	0.00855
1.23	0.00942
1.26333	0.01015
1.29667	0.00974
1.33	0.00917
1.36333	0.00843
1.39667	0.00806
1.43	0.00784
1.46333	0.00825
1.49667	0.00909
1.53	0.00986
1.56333	0.00991
1.59667	0.00951
1.63	0.009
1.66333	0.0085
1.69667	0.00797
1.73	0.00827
1.76333	0.00899
1.79667	0.00945
1.83	0.00975
1.86333	0.00968
1.89778	0.00891
1.93	0.00838
1.96333	0.00818
1.99667	0.0083
2.03	0.00868
2.06333	0.00913
2.09667	0.00953
2.13	0.00957
2.16333	0.00893
2.19667	0.00868
2.23	0.00823
2.26333	0.00821
2.29667	0.00859
2.33	0.00889
2.36333	0.00916
2.39667	0.00919
2.43111	0.00917
2.46333	0.00871
2.49667	0.00845
2.53	0.00834
2.56333	0.00847
2.59667	0.00855
2.63	0.00875
2.66333	0.00886
2.69667	0.00881
2.73	0.00865
2.76333	0.00848
2.79667	0.00854
2.83	0.00861
2.86333	0.00852
2.89667	0.00865
2.93	0.00872
2.96333	0.0085
2.99667	0.00874
3.03	0.00853
3.06333	0.0083
3.09667	0.00819
3.13	0.00828
3.16333	0.00846
3.19667	0.00859
3.23	0.00849
3.26333	0.00853
3.29667	0.00849
3.33	0.00833
3.36333	0.00825
3.39667	0.00825
3.43	0.00826
3.46333	0.00826
3.49667	0.00832
3.53	0.00848
3.56333	0.00835
3.59667	0.00808
3.63	0.00824
3.66333	0.00801
3.69667	0.00821
3.73	0.008
3.76333	0.00811
3.79667	0.00811
3.83	0.00803
3.86333	0.00791
3.89667	0.0077
3.93	0.00806
3.96333	0.00818
3.99333	0.00798
4.02667	0.00794
4.06	0.00799
4.09333	0.00793
4.12667	0.00793
4.16	0.00783
4.19333	0.00777
4.22667	0.00776
4.26	0.00791
4.29333	0.00787
4.32667	0.00771
4.36	0.00756
4.39333	0.00784
4.42667	0.0076
4.46	0.00776
4.49333	0.00754
4.52667	0.00767
4.56	0.00758
4.59333	0.00761
4.62667	0.00769
4.66	0.00744
4.69333	0.00756
4.72667	0.00749
4.76	0.00748
4.79333	0.00747
4.82667	0.00726
4.86	0.00776
4.89333	0.00749
4.92667	0.00752
4.96	0.0075
4.99333	0.0073
5.02667	0.00752
5.06	0.00738
5.09333	0.00727
5.12667	0.0073
5.16	0.00728
5.19333	0.00747
5.22667	0.0074
5.26	0.00721
5.29333	0.0073
5.32667	0.00722
5.36	0.00723
5.39333	0.00718
5.42667	0.00728
5.46	0.00733
5.49333	0.00692
5.52667	0.00706
5.56	0.00706
5.59333	0.00717
5.62667	0.00705
5.66	0.00709
5.69333	0.00704
5.72667	0.00716
5.76	0.00706
5.79333	0.00702
5.82667	0.0069
5.86	0.00711
5.89333	0.00688
5.92667	0.00696
5.96	0.00683
5.99333	0.00702
6.02667	0.00701
6.06	0.00689
6.09333	0.00682
6.12667	0.00687
6.16	0.00681
6.19333	0.00681
6.22667	0.0068
6.26	0.00684
6.29333	0.00685
6.32667	0.00686
6.36	0.00674
6.39333	0.00673
6.42667	0.00668
6.46	0.00667
6.49333	0.00678
6.52667	0.00668
6.56	0.00673
6.59333	0.00684
6.62667	0.00677
6.66	0.00658
6.69333	0.00668
6.72667	0.00664
6.76	0.00653
6.79333	0.00641
6.82667	0.00662
6.86	0.00664
6.89333	0.00659
6.92667	0.00645
6.96	0.00652
6.99333	0.00644
7.02667	0.00659
7.06	0.00645
7.09333	0.00632
7.12667	0.00653
7.16	0.00641
7.19333	0.00631
7.22667	0.00642
7.26	0.00635
7.29333	0.00632
7.32333	0.00632
7.35667	0.00622
7.39	0.00616
7.42333	0.00639
7.45667	0.0064
7.49	0.00637
7.52333	0.00632
7.55667	0.00631
7.59	0.0062
7.62333	0.00615
7.65667	0.00639
7.69	0.00626
7.72333	0.00632
7.75667	0.00597
7.79	0.00617
7.82333	0.00623
7.85667	0.00611
7.89	0.00608
7.92333	0.00626
7.95667	0.00621
7.99	0.00611
8.02333	0.00614
8.05667	0.00633
8.09	0.00605
8.12333	0.00606
8.15667	0.00603
8.19	0.00627
8.22333	0.00635
8.25667	0.00609
8.29	0.00598
8.32333	0.00596
8.35667	0.00588
8.39	0.00598
8.42333	0.00612
8.45667	0.00606
8.49	0.00579
8.52333	0.00596
8.55667	0.00576
8.59	0.00591
8.62333	0.00598
8.65667	0.00584
8.69	0.00585
8.72333	0.00575
8.75667	0.00578
8.79	0.00572
8.82333	0.00573
8.85667	0.00583
8.89	0.00585
8.92333	0.00577
8.95667	0.00592
8.99	0.00593
9.0233	0.00569
9.0567	0.00572
9.09	0.00587
9.1233	0.00581
9.1567	0.00567
9.19	0.0056
9.2233	0.00547
9.2567	0.0058
9.29	0.00557
9.3233	0.0056
9.3567	0.00567
9.39	0.00561
9.4233	0.00557
9.4567	0.00576
9.49	0.00569
9.5233	0.00576
9.5567	0.00552
9.59	0.00578
9.6233	0.00571
9.6567	0.00565
9.69	0.0055
9.7233	0.00548
9.7567	0.00561
9.79	0.0055
9.8233	0.0056
9.8567	0.00553
9.89	0.00559
9.9233	0.00526
9.9567	0.00552
9.99	0.00526
10.0233	0.00539
10.0567	0.00523
10.09	0.00551
10.1233	0.00527
10.1567	0.00548
10.19	0.00529
10.2233	0.00525
10.2567	0.00529
10.29	0.00524
10.3233	0.00539
10.3567	0.00525
10.39	0.00543
10.4233	0.00535
10.4567	0.00511
10.49	0.00526
10.5233	0.00543
10.5567	0.00524
10.59	0.00515
10.6233	0.00532
10.6533	0.0053
10.6867	0.00537
10.72	0.0053
10.7533	0.00524
10.7867	0.00518
10.82	0.00527
10.8533	0.00529
10.8867	0.00519
10.92	0.0052
10.9533	0.00507
10.9867	0.00519
11.02	0.0051
11.0533	0.00527
11.0867	0.00513
11.12	0.00532
11.1533	0.00519
11.1867	0.00516
11.22	0.0053
11.2533	0.00513
11.2867	0.00506
11.32	0.00498
11.3533	0.00501
11.3867	0.00505
11.42	0.00487
11.4533	0.00502
11.4867	0.00505
11.52	0.00514
11.5533	0.00486
11.5867	0.00482
11.62	0.00486
11.6533	0.00478
11.6867	0.00486
11.72	0.0049
11.7533	0.00491
11.7867	0.00495
11.82	0.00486
11.8533	0.00494
11.8867	0.005
11.92	0.00484
11.9533	0.00491
11.9867	0.00505
12.02	0.0051
12.0533	0.00486
12.0867	0.00468
12.12	0.00504
12.1533	0.00513
12.1867	0.00498
12.22	0.00479
12.2533	0.00469
12.2878	0.00477
